5,36
5.01,35
5.02,24
5.03,31
5.04,32
5.05,24
5.06,22
5.07,31
5.08,27
5.09,35
5.1,24
5.11,28
5.12,32
5.13,21
5.14,26
5.15,38
5.16,32
5.17,33
5.18,33
5.19,35
5.2,34
5.21,41
5.22,35
5.23,34
5.24,36
5.25,35
5.26,32
5.27,34
5.28,27
5.29,27
5.3,25
5.31,36
5.32,33
5.33,26
5.34,38
5.35,23
5.36,31
5.37,37
5.38,30
5.39,37
5.4,37
5.41,25
5.42,35
5.43,20
5.44,32
5.45,29
5.46,33
5.47,31
5.48,27
5.49,35
5.5,38
5.51,37
5.52,36
5.53,32
5.54,30
5.55,37
5.56,32
5.57,39
5.58,33
5.59,31
5.6,40
5.61,29
5.62,31
5.63,31
5.64,37
5.65,25
5.66,35
5.67,35
5.68,34
5.69,27
5.7,31
5.71,25
5.72,24
5.73,21
5.74,31
5.75,31
5.76,35
5.77,38
5.78,43
5.79,26
5.8,42
5.81,35
5.82,29
5.83,44
5.84,37
5.85,26
5.86,32
5.87,34
5.88,35
5.89,34
5.9,30
5.91,21
5.92,38
5.93,40
5.94,35
5.95,28
5.96,29
5.97,28
5.98,27
5.99,35
6,34
6.01,42
6.02,35
6.03,32
6.04,29
6.05,34
6.06,35
6.07,35
6.08,26
6.09,32
6.1,23
6.11,35
6.12,43
6.13,25
6.14,27
6.15,28
6.16,33
6.17,19
6.18,44
6.19,33
6.2,34
6.21,37
6.22,24
6.23,36
6.24,38
6.25,30
6.26,26
6.27,28
6.28,32
6.29,33
6.3,26
6.31,19
6.32,26
6.33,29
6.34,24
6.35,31
6.36,33
6.37,36
6.38,20
6.39,28
6.4,20
6.41,21
6.42,21
6.43,27
6.44,18
6.45,23
6.46,39
6.47,20
6.48,31
6.49,26
6.5,20
6.51,18
6.52,21
6.53,24
6.54,26
6.55,28
6.56,26
6.57,22
6.58,31
6.59,17
6.6,23
6.61,28
6.62,18
6.63,20
6.64,20
6.65,25
6.66,24
6.67,28
6.68,25
6.69,31
6.7,23
6.71,26
6.72,27
6.73,23
6.74,25
6.75,28
6.76,15
6.77,31
6.78,21
6.79,19
6.8,25
6.81,26
6.82,19
6.83,27
6.84,29
6.85,18
6.86,14
6.87,31
6.88,19
6.89,13
6.9,24
6.91,24
6.92,15
6.93,16
6.94,16
6.95,21
6.96,18
6.97,21
6.98,18
6.99,30
7,20
7.01,26
7.02,23
7.03,21
7.04,19
7.05,19
7.06,12
7.07,22
7.08,30
7.09,24
7.1,19
7.11,27
7.12,22
7.13,17
7.14,25
7.15,17
7.16,22
7.17,25
7.18,20
7.19,19
7.2,22
7.21,22
7.22,18
7.23,30
7.24,29
7.25,24
7.26,12
7.27,21
7.28,26
7.29,16
7.3,13
7.31,17
7.32,21
7.33,19
7.34,21
7.35,17
7.36,23
7.37,23
7.38,16
7.39,17
7.4,22
7.41,30
7.42,17
7.43,20
7.44,19
7.45,23
7.46,29
7.47,22
7.48,15
7.49,11
7.5,16
7.51,12
7.52,16
7.53,14
7.54,25
7.55,18
7.56,18
7.57,23
7.58,15
7.59,22
7.6,12
7.61,17
7.62,8
7.63,15
7.64,19
7.65,14
7.66,22
7.67,23
7.68,13
7.69,11
7.7,14
7.71,21
7.72,17
7.73,15
7.74,18
7.75,14
7.76,17
7.77,15
7.78,14
7.79,8
7.8,21
7.81,24
7.82,16
7.83,21
7.84,15
7.85,13
7.86,17
7.87,13
7.88,11
7.89,11
7.9,14
7.91,13
7.92,20
7.93,22
7.94,28
7.95,20
7.96,13
7.97,14
7.98,20
7.99,11
8,13
8.01,12
8.02,15
8.03,17
8.04,16
8.05,12
8.06,15
8.07,21
8.08,19
8.09,15
8.1,20
8.11,9
8.12,11
8.13,15
8.14,18
8.15,17
8.16,10
8.17,18
8.18,16
8.19,18
8.2,14
8.21,12
8.22,24
8.23,16
8.24,17
8.25,13
8.26,8
8.27,19
8.28,17
8.29,16
8.3,22
8.31,26
8.32,21
8.33,12
8.34,19
8.35,9
8.36,18
8.37,17
8.38,17
8.39,15
8.4,20
8.41,13
8.42,11
8.43,9
8.44,15
8.45,17
8.46,15
8.47,15
8.48,15
8.49,23
8.5,17
8.51,18
8.52,14
8.53,10
8.54,23
8.55,16
8.56,14
8.57,17
8.58,11
8.59,7
8.6,18
8.61,12
8.62,17
8.63,14
8.64,11
8.65,14
8.66,24
8.67,15
8.68,11
8.69,17
8.7,10
8.71,13
8.72,12
8.73,18
8.74,12
8.75,12
8.76,15
8.77,14
8.78,16
8.79,14
8.8,10
8.81,21
8.82,14
8.83,14
8.84,15
8.85,22
8.86,16
8.87,24
8.88,16
8.89,6
8.9,8
8.91,14
8.92,18
8.93,8
8.94,13
8.95,14
8.96,22
8.97,12
8.98,14
8.99,18
9,15
9.01,19
9.02,19
9.03,16
9.04,14
9.05,17
9.06,10
9.07,12
9.08,15
9.09,14
9.1,5
9.11,15
9.12,18
9.13,13
9.14,11
9.15,16
9.16,12
9.17,17
9.18,21
9.19,20
9.2,16
9.21,11
9.22,19
9.23,13
9.24,20
9.25,9
9.26,14
9.27,17
9.28,9
9.29,17
9.3,15
9.31,15
9.32,14
9.33,18
9.34,16
9.35,16
9.36,19
9.37,16
9.38,8
9.39,20
9.4,7
9.41,9
9.42,24
9.43,9
9.44,8
9.45,18
9.46,15
9.47,25
9.48,20
9.49,14
9.5,15
9.51,11
9.52,13
9.53,17
9.54,12
9.55,14
9.56,9
9.57,13
9.58,15
9.59,14
9.6,18
9.61,11
9.62,10
9.63,13
9.64,12
9.65,14
9.66,20
9.67,10
9.68,16
9.69,18
9.7,11
9.71,18
9.72,9
9.73,13
9.74,24
9.75,9
9.76,14
9.77,12
9.78,14
9.79,21
9.8,11
9.81,15
9.82,21
9.83,11
9.84,9
9.85,21
9.86,15
9.87,13
9.88,14
9.89,11
9.9,16
9.91,9
9.92,9
9.93,9
9.94,14
9.95,15
9.96,16
9.97,12
9.98,8
9.99,22
10,14
10.01,15
10.02,13
10.03,7
10.04,11
10.05,16
10.06,17
10.07,16
10.08,18
10.09,20
10.1,11
10.11,15
10.12,13
10.13,18
10.14,18
10.15,17
10.16,13
10.17,12
10.18,9
10.19,10
10.2,13
10.21,14
10.22,16
10.23,27
10.24,16
10.25,22
10.26,18
10.27,6
10.28,12
10.29,12
10.3,10
10.31,8
10.32,14
10.33,9
10.34,16
10.35,12
10.36,11
10.37,14
10.38,9
10.39,13
10.4,14
10.41,10
10.42,20
10.43,18
10.44,9
10.45,13
10.46,10
10.47,14
10.48,16
10.49,8
10.5,17
10.51,12
10.52,17
10.53,11
10.54,17
10.55,21
10.56,14
10.57,19
10.58,12
10.59,15
10.6,13
10.61,13
10.62,16
10.63,13
10.64,16
10.65,9
10.66,22
10.67,10
10.68,15
10.69,14
10.7,12
10.71,11
10.72,7
10.73,4
10.74,13
10.75,14
10.76,17
10.77,13
10.78,16
10.79,18
10.8,16
10.81,17
10.82,12
10.83,11
10.84,22
10.85,18
10.86,18
10.87,13
10.88,9
10.89,14
10.9,13
10.91,13
10.92,16
10.93,15
10.94,18
10.95,8
10.96,20
10.97,6
10.98,10
10.99,19
11,16
11.01,13
11.02,16
11.03,10
11.04,16
11.05,15
11.06,15
11.07,15
11.08,15
11.09,9
11.1,12
11.11,11
11.12,13
11.13,14
11.14,16
11.15,11
11.16,10
11.17,16
11.18,20
11.19,7
11.2,14
11.21,22
11.22,17
11.23,14
11.24,17
11.25,8
11.26,7
11.27,12
11.28,12
11.29,15
11.3,18
11.31,24
11.32,9
11.33,18
11.34,12
11.35,17
11.36,9
11.37,15
11.38,9
11.39,10
11.4,15
11.41,19
11.42,12
11.43,12
11.44,17
11.45,14
11.46,15
11.47,15
11.48,11
11.49,7
11.5,12
11.51,13
11.52,12
11.53,14
11.54,20
11.55,16
11.56,17
11.57,9
11.58,20
11.59,16
11.6,12
11.61,15
11.62,15
11.63,7
11.64,19
11.65,10
11.66,13
11.67,23
11.68,16
11.69,14
11.7,9
11.71,7
11.72,7
11.73,8
11.74,8
11.75,10
11.76,15
11.77,12
11.78,11
11.79,15
11.8,9
11.81,9
11.82,13
11.83,12
11.84,20
11.85,14
11.86,10
11.87,11
11.88,16
11.89,14
11.9,13
11.91,19
11.92,10
11.93,14
11.94,9
11.95,13
11.96,15
11.97,10
11.98,20
11.99,19
12,19
12.01,10
12.02,11
12.03,20
12.04,16
12.05,10
12.06,13
12.07,15
12.08,9
12.09,15
12.1,13
12.11,11
12.12,10
12.13,14
12.14,15
12.15,16
12.16,9
12.17,15
12.18,18
12.19,11
12.2,16
12.21,10
12.22,8
12.23,13
12.24,17
12.25,14
12.26,19
12.27,16
12.28,13
12.29,13
12.3,22
12.31,14
12.32,13
12.33,7
12.34,12
12.35,13
12.36,20
12.37,15
12.38,14
12.39,17
12.4,13
12.41,12
12.42,16
12.43,16
12.44,11
12.45,15
12.46,10
12.47,15
12.48,20
12.49,14
12.5,13
12.51,13
12.52,10
12.53,14
12.54,19
12.55,15
12.56,18
12.57,8
12.58,18
12.59,18
12.6,18
12.61,15
12.62,18
12.63,9
12.64,5
12.65,17
12.66,14
12.67,12
12.68,13
12.69,15
12.7,10
12.71,14
12.72,16
12.73,14
12.74,13
12.75,18
12.76,14
12.77,14
12.78,16
12.79,11
12.8,14
12.81,10
12.82,24
12.83,11
12.84,14
12.85,16
12.86,13
12.87,27
12.88,6
12.89,12
12.9,14
12.91,18
12.92,17
12.93,16
12.94,12
12.95,14
12.96,11
12.97,15
12.98,17
12.99,13
13,12
13.01,15
13.02,15
13.03,10
13.04,16
13.05,15
13.06,17
13.07,21
13.08,23
13.09,11
13.1,21
13.11,13
13.12,15
13.13,19
13.14,18
13.15,15
13.16,17
13.17,16
13.18,20
13.19,25
13.2,27
13.21,30
13.22,44
13.23,53
13.24,71
13.25,65
13.26,88
13.27,51
13.28,44
13.29,46
13.3,26
13.31,24
13.32,22
13.33,18
13.34,14
13.35,21
13.36,14
13.37,17
13.38,15
13.39,14
13.4,17
13.41,9
13.42,21
13.43,21
13.44,17
13.45,17
13.46,16
13.47,22
13.48,19
13.49,14
13.5,14
13.51,10
13.52,16
13.53,16
13.54,8
13.55,15
13.56,19
13.57,11
13.58,17
13.59,7
13.6,17
13.61,11
13.62,11
13.63,11
13.64,14
13.65,19
13.66,13
13.67,13
13.68,9
13.69,8
13.7,9
13.71,15
13.72,9
13.73,12
13.74,16
13.75,14
13.76,11
13.77,13
13.78,21
13.79,14
13.8,10
13.81,12
13.82,20
13.83,16
13.84,13
13.85,13
13.86,9
13.87,12
13.88,18
13.89,13
13.9,7
13.91,10
13.92,11
13.93,19
13.94,11
13.95,16
13.96,16
13.97,11
13.98,16
13.99,9
14,15
14.01,19
14.02,16
14.03,10
14.04,7
14.05,21
14.06,22
14.07,12
14.08,13
14.09,11
14.1,15
14.11,15
14.12,16
14.13,15
14.14,18
14.15,15
14.16,12
14.17,13
14.18,9
14.19,17
14.2,11
14.21,15
14.22,14
14.23,15
14.24,13
14.25,15
14.26,14
14.27,16
14.28,11
14.29,11
14.3,11
14.31,22
14.32,13
14.33,16
14.34,15
14.35,18
14.36,23
14.37,15
14.38,13
14.39,12
14.4,11
14.41,19
14.42,8
14.43,15
14.44,10
14.45,18
14.46,15
14.47,11
14.48,10
14.49,16
14.5,21
14.51,16
14.52,18
14.53,21
14.54,15
14.55,18
14.56,22
14.57,21
14.58,24
14.59,19
14.6,23
14.61,19
14.62,14
14.63,16
14.64,12
14.65,14
14.66,20
14.67,17
14.68,10
14.69,14
14.7,10
14.71,15
14.72,10
14.73,14
14.74,10
14.75,10
14.76,13
14.77,12
14.78,22
14.79,9
14.8,14
14.81,10
14.82,14
14.83,15
14.84,10
14.85,9
14.86,13
14.87,12
14.88,8
14.89,20
14.9,23
14.91,9
14.92,9
14.93,9
14.94,15
14.95,18
14.96,21
14.97,9
14.98,8
14.99,14
15,13
15.01,14
15.02,12
15.03,12
15.04,7
15.05,9
15.06,12
15.07,11
15.08,10
15.09,15
15.1,17
15.11,17
15.12,14
15.13,8
15.14,18
15.15,15
15.16,16
15.17,7
15.18,15
15.19,12
15.2,10
15.21,8
15.22,20
15.23,13
15.24,13
15.25,23
15.26,17
15.27,17
15.28,19
15.29,10
15.3,11
15.31,13
15.32,17
15.33,16
15.34,19
15.35,12
15.36,10
15.37,19
15.38,10
15.39,16
15.4,16
15.41,12
15.42,16
15.43,13
15.44,24
15.45,17
15.46,17
15.47,12
15.48,19
15.49,18
15.5,26
15.51,11
15.52,10
15.53,14
15.54,9
15.55,13
15.56,16
15.57,12
15.58,21
15.59,20
15.6,13
15.61,23
15.62,14
15.63,14
15.64,16
15.65,11
15.66,16
15.67,14
15.68,17
15.69,6
15.7,17
15.71,22
15.72,9
15.73,11
15.74,9
15.75,16
15.76,20
15.77,17
15.78,9
15.79,19
15.8,16
15.81,16
15.82,9
15.83,10
15.84,13
15.85,16
15.86,8
15.87,15
15.88,19
15.89,4
15.9,8
15.91,16
15.92,11
15.93,14
15.94,14
15.95,15
15.96,7
15.97,11
15.98,11
15.99,11
16,16
16.01,15
16.02,17
16.03,13
16.04,17
16.05,11
16.06,9
16.07,14
16.08,15
16.09,12
16.1,11
16.11,11
16.12,10
16.13,6
16.14,8
16.15,11
16.16,10
16.17,19
16.18,13
16.19,17
16.2,11
16.21,17
16.22,14
16.23,12
16.24,9
16.25,16
16.26,16
16.27,9
16.28,15
16.29,16
16.3,17
16.31,19
16.32,11
16.33,13
16.34,14
16.35,18
16.36,18
16.37,15
16.38,13
16.39,10
16.4,15
16.41,13
16.42,10
16.43,17
16.44,14
16.45,15
16.46,10
16.47,15
16.48,13
16.49,18
16.5,13
16.51,10
16.52,11
16.53,16
16.54,15
16.55,10
16.56,12
16.57,12
16.58,7
16.59,8
16.6,16
16.61,16
16.62,9
16.63,13
16.64,15
16.65,10
16.66,14
16.67,16
16.68,22
16.69,13
16.7,4
16.71,16
16.72,16
16.73,15
16.74,15
16.75,23
16.76,13
16.77,16
16.78,15
16.79,20
16.8,10
16.81,12
16.82,10
16.83,11
16.84,12
16.85,14
16.86,20
16.87,12
16.88,8
16.89,6
16.9,14
16.91,16
16.92,10
16.93,19
16.94,19
16.95,20
16.96,19
16.97,16
16.98,15
16.99,22
17,15
17.01,13
17.02,23
17.03,25
17.04,23
17.05,20
17.06,14
17.07,20
17.08,17
17.09,15
17.1,14
17.11,17
17.12,14
17.13,22
17.14,20
17.15,24
17.16,26
17.17,21
17.18,8
17.19,22
17.2,13
17.21,12
17.22,20
17.23,13
17.24,21
17.25,14
17.26,9
17.27,7
17.28,11
17.29,17
17.3,14
17.31,15
17.32,15
17.33,14
17.34,12
17.35,16
17.36,11
17.37,16
17.38,8
17.39,12
17.4,18
17.41,9
17.42,18
17.43,15
17.44,9
17.45,13
17.46,16
17.47,16
17.48,13
17.49,10
17.5,13
17.51,6
17.52,17
17.53,15
17.54,10
17.55,15
17.56,17
17.57,15
17.58,16
17.59,10
17.6,16
17.61,17
17.62,12
17.63,13
17.64,14
17.65,14
17.66,9
17.67,18
17.68,10
17.69,8
17.7,10
17.71,15
17.72,17
17.73,9
17.74,17
17.75,14
17.76,18
17.77,10
17.78,14
17.79,10
17.8,18
17.81,15
17.82,19
17.83,13
17.84,17
17.85,10
17.86,13
17.87,14
17.88,12
17.89,17
17.9,20
17.91,14
17.92,18
17.93,14
17.94,18
17.95,15
17.96,11
17.97,14
17.98,14
17.99,11
18,9
18.01,15
18.02,15
18.03,18
18.04,17
18.05,8
18.06,20
18.07,25
18.08,9
18.09,12
18.1,11
18.11,11
18.12,13
18.13,12
18.14,15
18.15,14
18.16,18
18.17,9
18.18,17
18.19,18
18.2,16
18.21,16
18.22,15
18.23,18
18.24,11
18.25,8
18.26,13
18.27,16
18.28,16
18.29,14
18.3,16
18.31,21
18.32,16
18.33,13
18.34,12
18.35,18
18.36,13
18.37,22
18.38,24
18.39,17
18.4,19
18.41,17
18.42,18
18.43,21
18.44,21
18.45,25
18.46,16
18.47,15
18.48,18
18.49,23
18.5,20
18.51,19
18.52,15
18.53,21
18.54,17
18.55,20
18.56,24
18.57,16
18.58,8
18.59,18
18.6,13
18.61,22
18.62,18
18.63,15
18.64,20
18.65,23
18.66,24
18.67,19
18.68,21
18.69,23
18.7,23
18.71,28
18.72,26
18.73,29
18.74,29
18.75,24
18.76,25
18.77,36
18.78,41
18.79,45
18.8,57
18.81,69
18.82,112
18.83,157
18.84,215
18.85,275
18.86,353
18.87,366
18.88,394
18.89,331
18.9,270
18.91,274
18.92,235
18.93,240
18.94,171
18.95,201
18.96,213
18.97,301
18.98,441
18.99,629
19,900
19.01,781
19.02,508
19.03,362
19.04,388
19.05,478
19.06,397
19.07,185
19.08,111
19.09,67
19.1,55
19.11,49
19.12,52
19.13,41
19.14,32
19.15,29
19.16,30
19.17,34
19.18,20
19.19,19
19.2,24
19.21,16
19.22,31
19.23,16
19.24,23
19.25,24
19.26,17
19.27,14
19.28,16
19.29,18
19.3,14
19.31,18
19.32,21
19.33,13
19.34,11
19.35,16
19.36,15
19.37,11
19.38,17
19.39,20
19.4,20
19.41,16
19.42,14
19.43,13
19.44,25
19.45,12
19.46,15
19.47,20
19.48,17
19.49,19
19.5,15
19.51,12
19.52,23
19.53,15
19.54,20
19.55,21
19.56,17
19.57,17
19.58,20
19.59,19
19.6,13
19.61,19
19.62,16
19.63,20
19.64,13
19.65,10
19.66,16
19.67,16
19.68,23
19.69,18
19.7,13
19.71,13
19.72,17
19.73,18
19.74,14
19.75,12
19.76,20
19.77,18
19.78,12
19.79,12
19.8,14
19.81,14
19.82,11
19.83,10
19.84,14
19.85,18
19.86,23
19.87,19
19.88,17
19.89,21
19.9,13
19.91,10
19.92,13
19.93,15
19.94,18
19.95,19
19.96,20
19.97,13
19.98,21
19.99,24
20,23
20.01,22
20.02,25
20.03,28
20.04,35
20.05,42
20.06,30
20.07,24
20.08,22
20.09,17
20.1,13
20.11,17
20.12,9
20.13,11
20.14,20
20.15,23
20.16,17
20.17,20
20.18,9
20.19,22
20.2,18
20.21,13
20.22,22
20.23,13
20.24,16
20.25,14
20.26,18
20.27,13
20.28,15
20.29,12
20.3,18
20.31,16
20.32,20
20.33,17
20.34,16
20.35,21
20.36,14
20.37,18
20.38,23
20.39,20
20.4,15
20.41,16
20.42,20
20.43,15
20.44,15
20.45,19
20.46,19
20.47,11
20.48,13
20.49,20
20.5,16
20.51,14
20.52,17
20.53,17
20.54,19
20.55,21
20.56,14
20.57,22
20.58,18
20.59,19
20.6,26
20.61,22
20.62,18
20.63,30
20.64,23
20.65,40
20.66,38
20.67,45
20.68,70
20.69,65
20.7,92
20.71,93
20.72,75
20.73,83
20.74,81
20.75,67
20.76,46
20.77,46
20.78,40
20.79,32
20.8,25
20.81,23
20.82,23
20.83,27
20.84,29
20.85,14
20.86,12
20.87,16
20.88,20
20.89,12
20.9,23
20.91,10
20.92,13
20.93,9
20.94,25
20.95,13
20.96,14
20.97,15
20.98,23
20.99,20
21,13
21.01,16
21.02,20
21.03,12
21.04,15
21.05,14
21.06,17
21.07,19
21.08,14
21.09,15
21.1,15
21.11,17
21.12,14
21.13,21
21.14,16
21.15,20
21.16,13
21.17,22
21.18,12
21.19,23
21.2,16
21.21,15
21.22,15
21.23,21
21.24,12
21.25,12
21.26,19
21.27,18
21.28,21
21.29,17
21.3,18
21.31,22
21.32,14
21.33,16
21.34,16
21.35,15
21.36,15
21.37,17
21.38,14
21.39,11
21.4,18
21.41,17
21.42,17
21.43,21
21.44,24
21.45,15
21.46,23
21.47,22
21.48,21
21.49,20
21.5,21
21.51,19
21.52,19
21.53,21
21.54,23
21.55,16
21.56,24
21.57,21
21.58,22
21.59,19
21.6,13
21.61,21
21.62,24
21.63,19
21.64,15
21.65,21
21.66,16
21.67,20
21.68,15
21.69,22
21.7,15
21.71,20
21.72,15
21.73,17
21.74,18
21.75,23
21.76,17
21.77,21
21.78,21
21.79,19
21.8,17
21.81,14
21.82,19
21.83,15
21.84,9
21.85,20
21.86,12
21.87,28
21.88,28
21.89,24
21.9,13
21.91,26
21.92,22
21.93,22
21.94,21
21.95,26
21.96,16
21.97,28
21.98,28
21.99,20
22,25
22.01,24
22.02,26
22.03,31
22.04,25
22.05,35
22.06,36
22.07,34
22.08,54
22.09,38
22.1,47
22.11,72
22.12,78
22.13,103
22.14,101
22.15,149
22.16,202
22.17,342
22.18,642
22.19,1021
22.2,1354
22.21,1203
22.22,856
22.23,679
22.24,640
22.25,666
22.26,704
22.27,594
22.28,344
22.29,188
22.3,116
22.31,67
22.32,67
22.33,65
22.34,49
22.35,37
22.36,45
22.37,38
22.38,27
22.39,26
22.4,28
22.41,25
22.42,32
22.43,26
22.44,28
22.45,28
22.46,22
22.47,13
22.48,27
22.49,28
22.5,14
22.51,19
22.52,27
22.53,28
22.54,26
22.55,28
22.56,25
22.57,16
22.58,16
22.59,7
22.6,32
22.61,18
22.62,18
22.63,18
22.64,19
22.65,25
22.66,16
22.67,12
22.68,24
22.69,13
22.7,23
22.71,17
22.72,24
22.73,17
22.74,17
22.75,30
22.76,15
22.77,25
22.78,21
22.79,28
22.8,24
22.81,15
22.82,32
22.83,37
22.84,22
22.85,33
22.86,36
22.87,23
22.88,27
22.89,19
22.9,26
22.91,18
22.92,23
22.93,16
22.94,16
22.95,23
22.96,20
22.97,17
22.98,22
22.99,21
23,26
23.01,21
23.02,29
23.03,25
23.04,25
23.05,22
23.06,23
23.07,22
23.08,18
23.09,18
23.1,21
23.11,15
23.12,21
23.13,16
23.14,15
23.15,10
23.16,22
23.17,18
23.18,14
23.19,24
23.2,22
23.21,20
23.22,11
23.23,18
23.24,17
23.25,8
23.26,15
23.27,15
23.28,10
23.29,19
23.3,13
23.31,14
23.32,10
23.33,23
23.34,16
23.35,17
23.36,16
23.37,20
23.38,22
23.39,19
23.4,25
23.41,18
23.42,14
23.43,12
23.44,19
23.45,17
23.46,23
23.47,13
23.48,20
23.49,14
23.5,16
23.51,13
23.52,29
23.53,18
23.54,18
23.55,12
23.56,20
23.57,15
23.58,12
23.59,22
23.6,23
23.61,15
23.62,24
23.63,26
23.64,16
23.65,21
23.66,17
23.67,12
23.68,15
23.69,17
23.7,21
23.71,14
23.72,23
23.73,17
23.74,21
23.75,13
23.76,15
23.77,17
23.78,17
23.79,16
23.8,13
23.81,13
23.82,15
23.83,26
23.84,15
23.85,15
23.86,21
23.87,23
23.88,16
23.89,19
23.9,10
23.91,21
23.92,9
23.93,16
23.94,14
23.95,20
23.96,27
23.97,16
23.98,26
23.99,17
24,25
24.01,38
24.02,42
24.03,67
24.04,62
24.05,72
24.06,92
24.07,52
24.08,49
24.09,26
24.1,34
24.11,26
24.12,25
24.13,27
24.14,30
24.15,36
24.16,21
24.17,20
24.18,21
24.19,20
24.2,20
24.21,20
24.22,24
24.23,28
24.24,27
24.25,35
24.26,16
24.27,23
24.28,13
24.29,27
24.3,19
24.31,26
24.32,23
24.33,21
24.34,29
24.35,14
24.36,10
24.37,18
24.38,29
24.39,18
24.4,25
24.41,15
24.42,19
24.43,11
24.44,17
24.45,21
24.46,26
24.47,16
24.48,24
24.49,15
24.5,23
24.51,25
24.52,29
24.53,38
24.54,35
24.55,32
24.56,45
24.57,34
24.58,44
24.59,45
24.6,76
24.61,128
24.62,217
24.63,343
24.64,450
24.65,337
24.66,183
24.67,112
24.68,134
24.69,180
24.7,245
24.71,195
24.72,115
24.73,59
24.74,45
24.75,23
24.76,23
24.77,24
24.78,26
24.79,25
24.8,27
24.81,20
24.82,22
24.83,34
24.84,21
24.85,25
24.86,32
24.87,21
24.88,19
24.89,22
24.9,25
24.91,22
24.92,21
24.93,24
24.94,32
24.95,14
24.96,26
24.97,26
24.98,19
24.99,29
25,26
25.01,21
25.02,19
25.03,23
25.04,24
25.05,25
25.06,25
25.07,32
25.08,28
25.09,39
25.1,23
25.11,24
25.12,30
25.13,32
25.14,44
25.15,39
25.16,46
25.17,47
25.18,58
25.19,65
25.2,76
25.21,87
25.22,81
25.23,82
25.24,108
25.25,99
25.26,163
25.27,184
25.28,293
25.29,469
25.3,598
25.31,781
25.32,884
25.33,863
25.34,718
25.35,568
25.36,508
25.37,459
25.38,514
25.39,507
25.4,446
25.41,330
25.42,216
25.43,183
25.44,162
25.45,175
25.46,166
25.47,247
25.48,297
25.49,360
25.5,478
25.51,512
25.52,412
25.53,328
25.54,250
25.55,237
25.56,250
25.57,285
25.58,263
25.59,198
25.6,133
25.61,98
25.62,65
25.63,76
25.64,47
25.65,39
25.66,50
25.67,43
25.68,46
25.69,42
25.7,41
25.71,41
25.72,54
25.73,35
25.74,32
25.75,36
25.76,41
25.77,27
25.78,34
25.79,45
25.8,24
25.81,35
25.82,30
25.83,45
25.84,34
25.85,34
25.86,26
25.87,24
25.88,35
25.89,31
25.9,27
25.91,26
25.92,32
25.93,30
25.94,27
25.95,31
25.96,25
25.97,38
25.98,30
25.99,50
26,29
26.01,28
26.02,34
26.03,25
26.04,30
26.05,24
26.06,21
26.07,25
26.08,22
26.09,30
26.1,19
26.11,22
26.12,29
26.13,21
26.14,18
26.15,28
26.16,42
26.17,35
26.18,30
26.19,33
26.2,43
26.21,22
26.22,27
26.23,35
26.24,32
26.25,30
26.26,27
26.27,28
26.28,40
26.29,31
26.3,27
26.31,40
26.32,34
26.33,23
26.34,36
26.35,31
26.36,39
26.37,35
26.38,49
26.39,40
26.4,36
26.41,31
26.42,34
26.43,45
26.44,40
26.45,38
26.46,51
26.47,44
26.48,55
26.49,65
26.5,83
26.51,64
26.52,101
26.53,110
26.54,105
26.55,113
26.56,138
26.57,124
26.58,178
26.59,221
26.6,314
26.61,417
26.62,701
26.63,1157
26.64,2121
26.65,3110
26.66,3543
26.67,2928
26.68,2041
26.69,1385
26.7,1163
26.71,1494
26.72,1867
26.73,1797
26.74,1314
26.75,951
26.76,556
26.77,305
26.78,244
26.79,166
26.8,154
26.81,156
26.82,108
26.83,107
26.84,115
26.85,99
26.86,71
26.87,88
26.88,72
26.89,70
26.9,63
26.91,64
26.92,70
26.93,67
26.94,38
26.95,47
26.96,47
26.97,53
26.98,41
26.99,32
27,38
27.01,40
27.02,37
27.03,39
27.04,31
27.05,32
27.06,33
27.07,23
27.08,31
27.09,27
27.1,31
27.11,33
27.12,30
27.13,27
27.14,31
27.15,22
27.16,28
27.17,34
27.18,17
27.19,21
27.2,24
27.21,35
27.22,30
27.23,27
27.24,22
27.25,26
27.26,33
27.27,19
27.28,32
27.29,30
27.3,28
27.31,29
27.32,34
27.33,28
27.34,25
27.35,21
27.36,21
27.37,35
27.38,33
27.39,28
27.4,16
27.41,30
27.42,29
27.43,21
27.44,16
27.45,30
27.46,29
27.47,21
27.48,35
27.49,26
27.5,24
27.51,25
27.52,29
27.53,19
27.54,35
27.55,28
27.56,32
27.57,28
27.58,20
27.59,23
27.6,36
27.61,31
27.62,21
27.63,25
27.64,16
27.65,24
27.66,20
27.67,25
27.68,17
27.69,31
27.7,30
27.71,12
27.72,27
27.73,24
27.74,20
27.75,26
27.76,27
27.77,18
27.78,24
27.79,23
27.8,20
27.81,28
27.82,15
27.83,20
27.84,20
27.85,25
27.86,21
27.87,18
27.88,27
27.89,28
27.9,25
27.91,19
27.92,22
27.93,21
27.94,27
27.95,24
27.96,26
27.97,16
27.98,20
27.99,24
28,35
28.01,12
28.02,21
28.03,36
28.04,22
28.05,27
28.06,38
28.07,31
28.08,30
28.09,31
28.1,21
28.11,19
28.12,18
28.13,25
28.14,39
28.15,18
28.16,26
28.17,28
28.18,24
28.19,50
28.2,32
28.21,38
28.22,42
28.23,48
28.24,49
28.25,67
28.26,94
28.27,131
28.28,206
28.29,230
28.3,228
28.31,154
28.32,86
28.33,96
28.34,97
28.35,129
28.36,151
28.37,135
28.38,95
28.39,73
28.4,47
28.41,45
28.42,45
28.43,36
28.44,35
28.45,33
28.46,27
28.47,27
28.48,30
28.49,34
28.5,28
28.51,23
28.52,27
28.53,26
28.54,31
28.55,24
28.56,23
28.57,26
28.58,24
28.59,32
28.6,16
28.61,27
28.62,24
28.63,19
28.64,22
28.65,21
28.66,32
28.67,13
28.68,27
28.69,18
28.7,25
28.71,17
28.72,19
28.73,20
28.74,26
28.75,22
28.76,34
28.77,22
28.78,24
28.79,13
28.8,18
28.81,21
28.82,22
28.83,18
28.84,22
28.85,22
28.86,22
28.87,18
28.88,16
28.89,22
28.9,23
28.91,24
28.92,13
28.93,21
28.94,20
28.95,25
28.96,20
28.97,31
28.98,21
28.99,21
29,17
29.01,22
29.02,20
29.03,17
29.04,20
29.05,27
29.06,23
29.07,39
29.08,14
29.09,14
29.1,26
29.11,23
29.12,27
29.13,26
29.14,25
29.15,17
29.16,24
29.17,24
29.18,38
29.19,27
29.2,37
29.21,30
29.22,34
29.23,37
29.24,53
29.25,98
29.26,156
29.27,179
29.28,214
29.29,249
29.3,170
29.31,131
29.32,114
29.33,103
29.34,143
29.35,153
29.36,212
29.37,219
29.38,168
29.39,122
29.4,89
29.41,75
29.42,69
29.43,75
29.44,74
29.45,83
29.46,65
29.47,63
29.48,55
29.49,32
29.5,27
29.51,32
29.52,23
29.53,24
29.54,19
29.55,23
29.56,21
29.57,25
29.58,26
29.59,29
29.6,20
29.61,16
29.62,25
29.63,18
29.64,27
29.65,24
29.66,27
29.67,17
29.68,15
29.69,23
29.7,21
29.71,18
29.72,25
29.73,20
29.74,25
29.75,22
29.76,22
29.77,23
29.78,19
29.79,23
29.8,11
29.81,24
29.82,27
29.83,21
29.84,11
29.85,22
29.86,18
29.87,16
29.88,24
29.89,20
29.9,25
29.91,15
29.92,20
29.93,25
29.94,20
29.95,23
29.96,17
29.97,18
29.98,16
29.99,17
30,26
30.01,20
30.02,21
30.03,15
30.04,18
30.05,15
30.06,18
30.07,24
30.08,20
30.09,27
30.1,17
30.11,18
30.12,20
30.13,24
30.14,26
30.15,17
30.16,24
30.17,21
30.18,19
30.19,20
30.2,17
30.21,19
30.22,15
30.23,22
30.24,24
30.25,18
30.26,13
30.27,21
30.28,20
30.29,24
30.3,26
30.31,22
30.32,20
30.33,18
30.34,21
30.35,11
30.36,24
30.37,20
30.38,22
30.39,17
30.4,21
30.41,14
30.42,17
30.43,20
30.44,16
30.45,20
30.46,31
30.47,20
30.48,22
30.49,16
30.5,23
30.51,30
30.52,15
30.53,17
30.54,22
30.55,18
30.56,18
30.57,10
30.58,24
30.59,18
30.6,20
30.61,9
30.62,24
30.63,23
30.64,14
30.65,19
30.66,21
30.67,18
30.68,20
30.69,17
30.7,19
30.71,17
30.72,21
30.73,26
30.74,19
30.75,18
30.76,19
30.77,19
30.78,9
30.79,24
30.8,24
30.81,23
30.82,10
30.83,21
30.84,14
30.85,16
30.86,14
30.87,26
30.88,20
30.89,27
30.9,21
30.91,16
30.92,20
30.93,16
30.94,15
30.95,19
30.96,30
30.97,18
30.98,13
30.99,29
31,20
31.01,18
31.02,25
31.03,17
31.04,11
31.05,24
31.06,15
31.07,26
31.08,24
31.09,29
31.1,26
31.11,25
31.12,19
31.13,19
31.14,17
31.15,8
31.16,16
31.17,18
31.18,30
31.19,22
31.2,23
31.21,8
31.22,14
31.23,12
31.24,16
31.25,21
31.26,15
31.27,17
31.28,17
31.29,10
31.3,11
31.31,16
31.32,19
31.33,14
31.34,18
31.35,22
31.36,20
31.37,20
31.38,22
31.39,24
31.4,16
31.41,15
31.42,8
31.43,16
31.44,17
31.45,21
31.46,16
31.47,22
31.48,19
31.49,11
31.5,26
31.51,22
31.52,24
31.53,19
31.54,15
31.55,18
31.56,21
31.57,25
31.58,21
31.59,15
31.6,14
31.61,15
31.62,18
31.63,18
31.64,12
31.65,25
31.66,20
31.67,24
31.68,12
31.69,31
31.7,27
31.71,16
31.72,12
31.73,17
31.74,13
31.75,15
31.76,25
31.77,17
31.78,23
31.79,21
31.8,15
31.81,16
31.82,24
31.83,22
31.84,22
31.85,17
31.86,16
31.87,19
31.88,15
31.89,11
31.9,17
31.91,16
31.92,17
31.93,18
31.94,21
31.95,15
31.96,27
31.97,18
31.98,22
31.99,17
32,22
32.01,15
32.02,17
32.03,18
32.04,14
32.05,12
32.06,19
32.07,27
32.08,25
32.09,18
32.1,14
32.11,14
32.12,12
32.13,25
32.14,22
32.15,17
32.16,18
32.17,22
32.18,21
32.19,17
32.2,16
32.21,15
32.22,22
32.23,17
32.24,24
32.25,15
32.26,12
32.27,16
32.28,23
32.29,22
32.3,21
32.31,14
32.32,19
32.33,11
32.34,10
32.35,23
32.36,17
32.37,19
32.38,18
32.39,11
32.4,16
32.41,18
32.42,24
32.43,23
32.44,13
32.45,23
32.46,10
32.47,26
32.48,22
32.49,22
32.5,17
32.51,19
32.52,12
32.53,17
32.54,19
32.55,15
32.56,26
32.57,19
32.58,22
32.59,20
32.6,16
32.61,14
32.62,15
32.63,17
32.64,15
32.65,16
32.66,17
32.67,23
32.68,24
32.69,19
32.7,23
32.71,8
32.72,16
32.73,20
32.74,18
32.75,18
32.76,25
32.77,12
32.78,21
32.79,13
32.8,21
32.81,11
32.82,20
32.83,15
32.84,17
32.85,15
32.86,15
32.87,23
32.88,18
32.89,16
32.9,17
32.91,17
32.92,13
32.93,17
32.94,25
32.95,17
32.96,20
32.97,17
32.98,21
32.99,12
33,22
33.01,19
33.02,12
33.03,18
33.04,8
33.05,17
33.06,20
33.07,11
33.08,13
33.09,22
33.1,18
33.11,11
33.12,23
33.13,20
33.14,15
33.15,16
33.16,11
33.17,22
33.18,10
33.19,15
33.2,20
33.21,24
33.22,14
33.23,17
33.24,18
33.25,16
33.26,17
33.27,20
33.28,15
33.29,13
33.3,13
33.31,16
33.32,10
33.33,16
33.34,19
33.35,16
33.36,18
33.37,22
33.38,15
33.39,20
33.4,11
33.41,21
33.42,23
33.43,18
33.44,14
33.45,16
33.46,21
33.47,17
33.48,18
33.49,16
33.5,21
33.51,20
33.52,17
33.53,11
33.54,23
33.55,24
33.56,20
33.57,16
33.58,19
33.59,18
33.6,16
33.61,20
33.62,17
33.63,18
33.64,13
33.65,13
33.66,16
33.67,10
33.68,19
33.69,13
33.7,10
33.71,25
33.72,19
33.73,17
33.74,17
33.75,20
33.76,20
33.77,20
33.78,22
33.79,19
33.8,12
33.81,24
33.82,19
33.83,21
33.84,15
33.85,16
33.86,12
33.87,10
33.88,16
33.89,17
33.9,14
33.91,15
33.92,18
33.93,17
33.94,21
33.95,18
33.96,10
33.97,13
33.98,20
33.99,18
34,19
34.01,20
34.02,18
34.03,14
34.04,21
34.05,9
34.06,16
34.07,16
34.08,14
34.09,15
34.1,18
34.11,13
34.12,14
34.13,26
34.14,18
34.15,14
34.16,21
34.17,14
34.18,13
34.19,15
34.2,10
34.21,16
34.22,14
34.23,22
34.24,16
34.25,17
34.26,19
34.27,10
34.28,12
34.29,15
34.3,20
34.31,19
34.32,14
34.33,23
34.34,28
34.35,22
34.36,20
34.37,37
34.38,58
34.39,60
34.4,56
34.41,44
34.42,27
34.43,33
34.44,31
34.45,27
34.46,24
34.47,42
34.48,38
34.49,34
34.5,26
34.51,24
34.52,30
34.53,9
34.54,18
34.55,18
34.56,20
34.57,15
34.58,17
34.59,17
34.6,20
34.61,13
34.62,14
34.63,11
34.64,18
34.65,12
34.66,19
34.67,15
34.68,15
34.69,19
34.7,17
34.71,13
34.72,17
34.73,20
34.74,12
34.75,17
34.76,12
34.77,22
34.78,20
34.79,26
34.8,6
34.81,18
34.82,14
34.83,18
34.84,18
34.85,17
34.86,17
34.87,10
34.88,15
34.89,18
34.9,15
34.91,28
34.92,19
34.93,17
34.94,26
34.95,12
34.96,21
34.97,19
34.98,15
34.99,19
35,13
35.01,27
35.02,22
35.03,24
35.04,25
35.05,20
35.06,14
35.07,17
35.08,25
35.09,22
35.1,11
35.11,19
35.12,16
35.13,24
35.14,16
35.15,25
35.16,22
35.17,15
35.18,14
35.19,27
35.2,18
35.21,22
35.22,14
35.23,20
35.24,27
35.25,26
35.26,18
35.27,37
35.28,41
35.29,36
35.3,44
35.31,36
35.32,50
35.33,58
35.34,64
35.35,45
35.36,54
35.37,38
35.38,34
35.39,33
35.4,33
35.41,39
35.42,29
35.43,37
35.44,54
35.45,35
35.46,27
35.47,26
35.48,16
35.49,25
35.5,20
35.51,15
35.52,13
35.53,14
35.54,19
35.55,17
35.56,12
35.57,16
35.58,23
35.59,15
35.6,15
35.61,10
35.62,14
35.63,18
35.64,17
35.65,14
35.66,18
35.67,17
35.68,14
35.69,22
35.7,16
35.71,25
35.72,16
35.73,13
35.74,22
35.75,17
35.76,23
35.77,24
35.78,20
35.79,15
35.8,15
35.81,14
35.82,19
35.83,11
35.84,17
35.85,27
35.86,24
35.87,20
35.88,15
35.89,24
35.9,23
35.91,27
35.92,29
35.93,17
35.94,19
35.95,29
35.96,27
35.97,34
35.98,32
35.99,35
36,56
36.01,68
36.02,93
36.03,156
36.04,228
36.05,262
36.06,286
36.07,197
36.08,157
36.09,111
36.1,109
36.11,118
36.12,123
36.13,158
36.14,176
36.15,150
36.16,142
36.17,89
36.18,81
36.19,72
36.2,62
36.21,41
36.22,49
36.23,44
36.24,56
36.25,44
36.26,35
36.27,30
36.28,38
36.29,30
36.3,27
36.31,37
36.32,39
36.33,55
36.34,67
36.35,102
36.36,106
36.37,56
36.38,53
36.39,35
36.4,33
36.41,31
36.42,36
36.43,44
36.44,53
36.45,50
36.46,49
36.47,46
36.48,20
36.49,23
36.5,22
36.51,13
36.52,17
36.53,15
36.54,15
36.55,20
36.56,20
36.57,15
36.58,17
36.59,19
36.6,13
36.61,12
36.62,14
36.63,10
36.64,10
36.65,15
36.66,15
36.67,18
36.68,18
36.69,16
36.7,21
36.71,17
36.72,8
36.73,21
36.74,15
36.75,19
36.76,20
36.77,18
36.78,15
36.79,20
36.8,17
36.81,17
36.82,22
36.83,12
36.84,14
36.85,12
36.86,9
36.87,9
36.88,10
36.89,18
36.9,13
36.91,18
36.92,9
36.93,16
36.94,14
36.95,16
36.96,9
36.97,19
36.98,17
36.99,17
37,11
37.01,11
37.02,9
37.03,11
37.04,5
37.05,18
37.06,11
37.07,9
37.08,11
37.09,11
37.1,15
37.11,15
37.12,31
37.13,32
37.14,19
37.15,18
37.16,15
37.17,15
37.18,13
37.19,14
37.2,21
37.21,16
37.22,24
37.23,12
37.24,17
37.25,21
37.26,17
37.27,21
37.28,17
37.29,21
37.3,21
37.31,9
37.32,16
37.33,14
37.34,12
37.35,14
37.36,14
37.37,15
37.38,11
37.39,9
37.4,14
37.41,17
37.42,14
37.43,17
37.44,12
37.45,19
37.46,16
37.47,13
37.48,16
37.49,13
37.5,13
37.51,16
37.52,21
37.53,19
37.54,11
37.55,12
37.56,19
37.57,16
37.58,18
37.59,15
37.6,17
37.61,15
37.62,23
37.63,20
37.64,14
37.65,25
37.66,17
37.67,18
37.68,15
37.69,20
37.7,12
37.71,17
37.72,18
37.73,17
37.74,17
37.75,12
37.76,19
37.77,21
37.78,33
37.79,41
37.8,57
37.81,48
37.82,36
37.83,45
37.84,38
37.85,41
37.86,27
37.87,16
37.88,29
37.89,28
37.9,40
37.91,30
37.92,36
37.93,28
37.94,29
37.95,26
37.96,23
37.97,19
37.98,17
37.99,22
38,13
38.01,22
38.02,20
38.03,24
38.04,15
38.05,13
38.06,12
38.07,18
38.08,17
38.09,16
38.1,14
38.11,12
38.12,16
38.13,12
38.14,22
38.15,11
38.16,17
38.17,18
38.18,15
38.19,15
38.2,17
38.21,11
38.22,16
38.23,16
38.24,27
38.25,39
38.26,45
38.27,42
38.28,46
38.29,58
38.3,29
38.31,17
38.32,24
38.33,18
38.34,25
38.35,31
38.36,32
38.37,29
38.38,41
38.39,25
38.4,26
38.41,15
38.42,22
38.43,23
38.44,16
38.45,19
38.46,12
38.47,13
38.48,20
38.49,17
38.5,22
38.51,24
38.52,30
38.53,41
38.54,18
38.55,30
38.56,23
38.57,16
38.58,19
38.59,26
38.6,14
38.61,16
38.62,32
38.63,25
38.64,26
38.65,22
38.66,23
38.67,16
38.68,20
38.69,19
38.7,15
38.71,18
38.72,12
38.73,19
38.74,9
38.75,15
38.76,16
38.77,12
38.78,9
38.79,8
38.8,12
38.81,22
38.82,12
38.83,17
38.84,14
38.85,19
38.86,17
38.87,21
38.88,14
38.89,12
38.9,13
38.91,14
38.92,15
38.93,24
38.94,18
38.95,18
38.96,16
38.97,15
38.98,16
38.99,15
39,9
39.01,14
39.02,18
39.03,10
39.04,12
39.05,8
39.06,13
39.07,13
39.08,13
39.09,9
39.1,10
39.11,21
39.12,10
39.13,20
39.14,13
39.15,14
39.16,18
39.17,12
39.18,7
39.19,11
39.2,7
39.21,14
39.22,16
39.23,13
39.24,12
39.25,22
39.26,16
39.27,13
39.28,9
39.29,22
39.3,18
39.31,7
39.32,14
39.33,14
39.34,19
39.35,12
39.36,19
39.37,12
39.38,19
39.39,10
39.4,13
39.41,16
39.42,11
39.43,17
39.44,25
39.45,18
39.46,18
39.47,15
39.48,14
39.49,16
39.5,21
39.51,19
39.52,14
39.53,11
39.54,18
39.55,10
39.56,22
39.57,16
39.58,19
39.59,12
39.6,20
39.61,13
39.62,14
39.63,17
39.64,9
39.65,13
39.66,20
39.67,13
39.68,13
39.69,9
39.7,17
39.71,14
39.72,8
39.73,20
39.74,18
39.75,15
39.76,14
39.77,4
39.78,8
39.79,17
39.8,16
39.81,2
39.82,13
39.83,11
39.84,13
39.85,15
39.86,21
39.87,12
39.88,10
39.89,15
39.9,10
39.91,13
39.92,14
39.93,8
39.94,12
39.95,6
39.96,12
39.97,17
39.98,12
39.99,16
40,13
40.01,14
40.02,14
40.03,13
40.04,13
40.05,16
40.06,10
40.07,10
40.08,15
40.09,13
40.1,16
40.11,11
40.12,11
40.13,14
40.14,20
40.15,10
40.16,12
40.17,18
40.18,8
40.19,18
40.2,13
40.21,14
40.22,16
40.23,9
40.24,13
40.25,15
40.26,13
40.27,9
40.28,10
40.29,17
40.3,8
40.31,10
40.32,10
40.33,15
40.34,9
40.35,20
40.36,14
40.37,17
40.38,12
40.39,17
40.4,15
40.41,24
40.42,21
40.43,20
40.44,18
40.45,25
40.46,29
40.47,33
40.48,26
40.49,34
40.5,22
40.51,20
40.52,25
40.53,11
40.54,12
40.55,21
40.56,23
40.57,25
40.58,22
40.59,24
40.6,15
40.61,16
40.62,20
40.63,15
40.64,14
40.65,23
40.66,14
40.67,15
40.68,15
40.69,16
40.7,18
40.71,17
40.72,19
40.73,14
40.74,17
40.75,21
40.76,21
40.77,10
40.78,13
40.79,15
40.8,14
40.81,15
40.82,16
40.83,23
40.84,9
40.85,14
40.86,17
40.87,25
40.88,31
40.89,36
40.9,45
40.91,54
40.92,36
40.93,24
40.94,42
40.95,19
40.96,21
40.97,25
40.98,16
40.99,29
41,27
41.01,28
41.02,40
41.03,35
41.04,36
41.05,17
41.06,16
41.07,19
41.08,21
41.09,24
41.1,17
41.11,22
41.12,13
41.13,16
41.14,21
41.15,15
41.16,17
41.17,16
41.18,12
41.19,19
41.2,17
41.21,15
41.22,16
41.23,14
41.24,15
41.25,18
41.26,12
41.27,17
41.28,17
41.29,23
41.3,15
41.31,19
41.32,14
41.33,8
41.34,12
41.35,13
41.36,19
41.37,11
41.38,12
41.39,16
41.4,14
41.41,11
41.42,17
41.43,12
41.44,15
41.45,10
41.46,11
41.47,14
41.48,15
41.49,17
41.5,9
41.51,16
41.52,12
41.53,12
41.54,11
41.55,13
41.56,16
41.57,21
41.58,9
41.59,14
41.6,18
41.61,20
41.62,18
41.63,11
41.64,19
41.65,8
41.66,16
41.67,17
41.68,18
41.69,11
41.7,16
41.71,13
41.72,10
41.73,9
41.74,23
41.75,11
41.76,11
41.77,20
41.78,9
41.79,14
41.8,14
41.81,10
41.82,11
41.83,20
41.84,19
41.85,20
41.86,17
41.87,14
41.88,17
41.89,11
41.9,10
41.91,16
41.92,7
41.93,7
41.94,8
41.95,13
41.96,11
41.97,12
41.98,17
41.99,15
42,25
42.01,20
42.02,12
42.03,16
42.04,14
42.05,17
42.06,23
42.07,22
42.08,15
42.09,14
42.1,11
42.11,13
42.12,23
42.13,14
42.14,23
42.15,16
42.16,17
42.17,11
42.18,16
42.19,18
42.2,10
42.21,24
42.22,23
42.23,13
42.24,19
42.25,8
42.26,17
42.27,7
42.28,9
42.29,10
42.3,17
42.31,21
42.32,7
42.33,15
42.34,13
42.35,16
42.36,15
42.37,17
42.38,7
42.39,15
42.4,17
42.41,15
42.42,14
42.43,6
42.44,17
42.45,16
42.46,22
42.47,14
42.48,17
42.49,18
42.5,10
42.51,12
42.52,7
42.53,12
42.54,13
42.55,7
42.56,21
42.57,19
42.58,12
42.59,17
42.6,13
42.61,6
42.62,19
42.63,15
42.64,15
42.65,17
42.66,11
42.67,13
42.68,14
42.69,12
42.7,15
42.71,17
42.72,17
42.73,20
42.74,8
42.75,11
42.76,12
42.77,14
42.78,15
42.79,15
42.8,13
42.81,11
42.82,16
42.83,11
42.84,9
42.85,20
42.86,19
42.87,11
42.88,14
42.89,12
42.9,17
42.91,16
42.92,11
42.93,13
42.94,16
42.95,13
42.96,18
42.97,13
42.98,8
42.99,13
43,13
43.01,13
43.02,12
43.03,17
43.04,14
43.05,23
43.06,10
43.07,10
43.08,12
43.09,22
43.1,16
43.11,19
43.12,18
43.13,8
43.14,19
43.15,15
43.16,8
43.17,16
43.18,15
43.19,17
43.2,13
43.21,14
43.22,9
43.23,11
43.24,14
43.25,14
43.26,12
43.27,13
43.28,25
43.29,15
43.3,11
43.31,21
43.32,16
43.33,18
43.34,19
43.35,34
43.36,19
43.37,12
43.38,20
43.39,16
43.4,13
43.41,19
43.42,14
43.43,21
43.44,22
43.45,17
43.46,24
43.47,20
43.48,18
43.49,17
43.5,19
43.51,15
43.52,15
43.53,11
43.54,14
43.55,16
43.56,17
43.57,11
43.58,17
43.59,21
43.6,17
43.61,28
43.62,26
43.63,25
43.64,23
43.65,30
43.66,31
43.67,28
43.68,47
43.69,48
43.7,42
43.71,46
43.72,41
43.73,32
43.74,29
43.75,28
43.76,27
43.77,19
43.78,29
43.79,38
43.8,25
43.81,38
43.82,38
43.83,20
43.84,27
43.85,25
43.86,18
43.87,20
43.88,19
43.89,18
43.9,22
43.91,19
43.92,18
43.93,13
43.94,18
43.95,17
43.96,14
43.97,15
43.98,14
43.99,11
44,15
44.01,13
44.02,17
44.03,15
44.04,14
44.05,23
44.06,11
44.07,16
44.08,13
44.09,13
44.1,16
44.11,11
44.12,15
44.13,10
44.14,12
44.15,15
44.16,13
44.17,14
44.18,15
44.19,14
44.2,12
44.21,17
44.22,17
44.23,15
44.24,12
44.25,12
44.26,13
44.27,18
44.28,16
44.29,11
44.3,13
44.31,17
44.32,14
44.33,15
44.34,12
44.35,25
44.36,9
44.37,10
44.38,12
44.39,13
44.4,14
44.41,15
44.42,15
44.43,20
44.44,19
44.45,13
44.46,9
44.47,14
44.48,21
44.49,16
44.5,20
44.51,9
44.52,9
44.53,25
44.54,14
44.55,15
44.56,16
44.57,18
44.58,9
44.59,20
44.6,14
44.61,14
44.62,19
44.63,20
44.64,14
44.65,11
44.66,23
44.67,30
44.68,14
44.69,22
44.7,20
44.71,22
44.72,29
44.73,13
44.74,16
44.75,12
44.76,11
44.77,18
44.78,23
44.79,21
44.8,17
44.81,16
44.82,14
44.83,11
44.84,15
44.85,14
44.86,12
44.87,18
44.88,21
44.89,20
44.9,12
44.91,15
44.92,12
44.93,12
44.94,13
44.95,23
44.96,14
44.97,17
44.98,14
44.99,18
45,21
45.01,19
45.02,19
45.03,21
45.04,10
45.05,21
45.06,9
45.07,16
45.08,21
45.09,15
45.1,21
45.11,25
45.12,19
45.13,16
45.14,26
45.15,22
45.16,16
45.17,19
45.18,21
45.19,20
45.2,30
45.21,25
45.22,27
45.23,26
45.24,55
45.25,62
45.26,103
45.27,187
45.28,268
45.29,305
45.3,254
45.31,216
45.32,141
45.33,83
45.34,78
45.35,57
45.36,48
45.37,58
45.38,59
45.39,108
45.4,124
45.41,144
45.42,156
45.43,136
45.44,92
45.45,54
45.46,34
45.47,30
45.48,31
45.49,30
45.5,27
45.51,26
45.52,22
45.53,15
45.54,10
45.55,16
45.56,25
45.57,17
45.58,21
45.59,16
45.6,19
45.61,13
45.62,18
45.63,15
45.64,7
45.65,14
45.66,17
45.67,20
45.68,15
45.69,20
45.7,20
45.71,24
45.72,11
45.73,11
45.74,15
45.75,17
45.76,12
45.77,19
45.78,13
45.79,11
45.8,7
45.81,23
45.82,12
45.83,25
45.84,13
45.85,13
45.86,12
45.87,16
45.88,21
45.89,2
45.9,14
45.91,10
45.92,17
45.93,28
45.94,16
45.95,10
45.96,24
45.97,18
45.98,16
45.99,14
46,13
46.01,11
46.02,13
46.03,19
46.04,17
46.05,22
46.06,21
46.07,15
46.08,18
46.09,9
46.1,12
46.11,18
46.12,20
46.13,13
46.14,21
46.15,17
46.16,13
46.17,12
46.18,18
46.19,30
46.2,23
46.21,20
46.22,18
46.23,24
46.24,22
46.25,17
46.26,6
46.27,20
46.28,17
46.29,15
46.3,26
46.31,15
46.32,31
46.33,40
46.34,47
46.35,85
46.36,75
46.37,91
46.38,74
46.39,70
46.4,59
46.41,28
46.42,31
46.43,40
46.44,27
46.45,36
46.46,43
46.47,43
46.48,57
46.49,56
46.5,48
46.51,47
46.52,41
46.53,34
46.54,26
46.55,23
46.56,13
46.57,24
46.58,25
46.59,20
46.6,15
46.61,17
46.62,16
46.63,23
46.64,20
46.65,24
46.66,23
46.67,20
46.68,34
46.69,22
46.7,23
46.71,26
46.72,23
46.73,31
46.74,28
46.75,51
46.76,68
46.77,77
46.78,92
46.79,111
46.8,112
46.81,113
46.82,99
46.83,68
46.84,53
46.85,46
46.86,43
46.87,31
46.88,42
46.89,37
46.9,66
46.91,76
46.92,67
46.93,62
46.94,61
46.95,52
46.96,32
46.97,38
46.98,25
46.99,25
47,26
47.01,28
47.02,22
47.03,23
47.04,20
47.05,19
47.06,20
47.07,20
47.08,26
47.09,21
47.1,17
47.11,17
47.12,19
47.13,19
47.14,29
47.15,18
47.16,19
47.17,20
47.18,14
47.19,29
47.2,21
47.21,25
47.22,22
47.23,13
47.24,23
47.25,23
47.26,16
47.27,21
47.28,23
47.29,30
47.3,17
47.31,23
47.32,27
47.33,29
47.34,39
47.35,34
47.36,51
47.37,64
47.38,77
47.39,86
47.4,53
47.41,44
47.42,36
47.43,33
47.44,34
47.45,31
47.46,35
47.47,32
47.48,33
47.49,45
47.5,43
47.51,49
47.52,41
47.53,31
47.54,29
47.55,29
47.56,25
47.57,24
47.58,29
47.59,23
47.6,15
47.61,20
47.62,22
47.63,14
47.64,17
47.65,18
47.66,21
47.67,17
47.68,18
47.69,16
47.7,23
47.71,21
47.72,20
47.73,19
47.74,25
47.75,20
47.76,25
47.77,34
47.78,24
47.79,33
47.8,44
47.81,41
47.82,44
47.83,44
47.84,46
47.85,50
47.86,47
47.87,30
47.88,30
47.89,35
47.9,31
47.91,30
47.92,28
47.93,32
47.94,38
47.95,33
47.96,41
47.97,45
47.98,26
47.99,25
48,23
48.01,27
48.02,19
48.03,25
48.04,16
48.05,30
48.06,21
48.07,26
48.08,24
48.09,16
48.1,13
48.11,23
48.12,8
48.13,28
48.14,19
48.15,11
48.16,18
48.17,18
48.18,14
48.19,20
48.2,19
48.21,17
48.22,15
48.23,18
48.24,20
48.25,17
48.26,20
48.27,12
48.28,15
48.29,21
48.3,18
48.31,12
48.32,12
48.33,16
48.34,19
48.35,13
48.36,22
48.37,16
48.38,26
48.39,19
48.4,21
48.41,24
48.42,17
48.43,22
48.44,18
48.45,19
48.46,24
48.47,19
48.48,18
48.49,22
48.5,19
48.51,25
48.52,19
48.53,22
48.54,26
48.55,24
48.56,19
48.57,23
48.58,30
48.59,42
48.6,42
48.61,28
48.62,35
48.63,45
48.64,61
48.65,72
48.66,77
48.67,127
48.68,196
48.69,319
48.7,422
48.71,330
48.72,267
48.73,202
48.74,133
48.75,96
48.76,93
48.77,61
48.78,75
48.79,61
48.8,92
48.81,112
48.82,152
48.83,217
48.84,187
48.85,129
48.86,125
48.87,86
48.88,65
48.89,67
48.9,64
48.91,66
48.92,76
48.93,70
48.94,54
48.95,45
48.96,33
48.97,35
48.98,30
48.99,33
49,30
49.01,30
49.02,32
49.03,35
49.04,35
49.05,52
49.06,14
49.07,35
49.08,29
49.09,24
49.1,19
49.11,21
49.12,23
49.13,21
49.14,16
49.15,10
49.16,21
49.17,31
49.18,16
49.19,15
49.2,12
49.21,24
49.22,22
49.23,17
49.24,19
49.25,25
49.26,12
49.27,14
49.28,20
49.29,15
49.3,16
49.31,13
49.32,9
49.33,15
49.34,18
49.35,13
49.36,13
49.37,13
49.38,10
49.39,16
49.4,13
49.41,20
49.42,18
49.43,16
49.44,18
49.45,21
49.46,19
49.47,24
49.48,15
49.49,18
49.5,21
49.51,34
49.52,15
49.53,17
49.54,18
49.55,23
49.56,19
49.57,22
49.58,15
49.59,22
49.6,26
49.61,27
49.62,21
49.63,26
49.64,19
49.65,24
49.66,21
49.67,20
49.68,23
49.69,8
49.7,12
49.71,20
49.72,21
49.73,16
49.74,23
49.75,20
49.76,21
49.77,23
49.78,15
49.79,16
49.8,15
49.81,13
49.82,13
49.83,16
49.84,14
49.85,23
49.86,21
49.87,18
49.88,21
49.89,17
49.9,18
49.91,21
49.92,22
49.93,18
49.94,23
49.95,19
49.96,16
49.97,13
49.98,24
49.99,16
50,13
50.01,19
50.02,20
50.03,12
50.04,16
50.05,23
50.06,19
50.07,20
50.08,19
50.09,19
50.1,20
50.11,16
50.12,16
50.13,19
50.14,22
50.15,13
50.16,21
50.17,19
50.18,28
50.19,28
50.2,16
50.21,25
50.22,20
50.23,12
50.24,18
50.25,18
50.26,18
50.27,15
50.28,15
50.29,17
50.3,11
50.31,25
50.32,20
50.33,21
50.34,20
50.35,15
50.36,21
50.37,15
50.38,15
50.39,19
50.4,19
50.41,14
50.42,15
50.43,20
50.44,17
50.45,27
50.46,40
50.47,48
50.48,30
50.49,17
50.5,29
50.51,21
50.52,31
50.53,20
50.54,14
50.55,11
50.56,29
50.57,17
50.58,17
50.59,31
50.6,27
50.61,35
50.62,30
50.63,26
50.64,25
50.65,20
50.66,15
50.67,10
50.68,17
50.69,13
50.7,24
50.71,15
50.72,19
50.73,19
50.74,16
50.75,20
50.76,26
50.77,36
50.78,56
50.79,40
50.8,33
50.81,17
50.82,17
50.83,23
50.84,18
50.85,20
50.86,13
50.87,20
50.88,20
50.89,19
50.9,20
50.91,24
50.92,23
50.93,28
50.94,27
50.95,18
50.96,14
50.97,17
50.98,16
50.99,20
51,17
51.01,8
51.02,20
51.03,15
51.04,10
51.05,12
51.06,10
51.07,17
51.08,10
51.09,13
51.1,15
51.11,15
51.12,13
51.13,16
51.14,15
51.15,11
51.16,13
51.17,20
51.18,8
51.19,14
51.2,14
51.21,13
51.22,17
51.23,5
51.24,12
51.25,13
51.26,11
51.27,10
51.28,18
51.29,14
51.3,15
51.31,9
51.32,11
51.33,19
51.34,9
51.35,15
51.36,12
51.37,14
51.38,16
51.39,14
51.4,11
51.41,13
51.42,14
51.43,9
51.44,13
51.45,7
51.46,18
51.47,10
51.48,14
51.49,11
51.5,14
51.51,17
51.52,10
51.53,13
51.54,9
51.55,5
51.56,22
51.57,15
51.58,21
51.59,20
51.6,8
51.61,8
51.62,11
51.63,17
51.64,11
51.65,12
51.66,18
51.67,13
51.68,17
51.69,18
51.7,12
51.71,15
51.72,9
51.73,17
51.74,20
51.75,8
51.76,16
51.77,16
51.78,13
51.79,11
51.8,9
51.81,14
51.82,20
51.83,18
51.84,15
51.85,13
51.86,11
51.87,17
51.88,9
51.89,12
51.9,21
51.91,13
51.92,15
51.93,13
51.94,15
51.95,17
51.96,14
51.97,17
51.98,27
51.99,23
52,16
52.01,15
52.02,12
52.03,17
52.04,15
52.05,10
52.06,11
52.07,11
52.08,12
52.09,21
52.1,16
52.11,7
52.12,17
52.13,18
52.14,18
52.15,12
52.16,13
52.17,11
52.18,11
52.19,19
52.2,10
52.21,18
52.22,15
52.23,12
52.24,13
52.25,10
52.26,12
52.27,11
52.28,6
52.29,17
52.3,16
52.31,11
52.32,8
52.33,14
52.34,20
52.35,12
52.36,11
52.37,14
52.38,15
52.39,17
52.4,18
52.41,16
52.42,17
52.43,18
52.44,13
52.45,11
52.46,13
52.47,11
52.48,14
52.49,12
52.5,16
52.51,11
52.52,16
52.53,8
52.54,8
52.55,17
52.56,16
52.57,10
52.58,13
52.59,21
52.6,23
52.61,12
52.62,11
52.63,8
52.64,10
52.65,8
52.66,15
52.67,13
52.68,14
52.69,8
52.7,16
52.71,15
52.72,12
52.73,9
52.74,15
52.75,17
52.76,14
52.77,12
52.78,18
52.79,15
52.8,14
52.81,7
52.82,12
52.83,13
52.84,20
52.85,11
52.86,12
52.87,11
52.88,18
52.89,10
52.9,11
52.91,13
52.92,7
52.93,14
52.94,14
52.95,10
52.96,14
52.97,15
52.98,21
52.99,11
53,15
53.01,15
53.02,8
53.03,20
53.04,19
53.05,13
53.06,13
53.07,17
53.08,13
53.09,20
53.1,34
53.11,18
53.12,24
53.13,35
53.14,28
53.15,21
53.16,33
53.17,31
53.18,23
53.19,15
53.2,18
53.21,24
53.22,20
53.23,9
53.24,12
53.25,21
53.26,10
53.27,10
53.28,21
53.29,12
53.3,14
53.31,12
53.32,21
53.33,18
53.34,19
53.35,13
53.36,12
53.37,9
53.38,9
53.39,13
53.4,18
53.41,12
53.42,18
53.43,15
53.44,15
53.45,14
53.46,14
53.47,19
53.48,17
53.49,13
53.5,16
53.51,11
53.52,11
53.53,16
53.54,9
53.55,12
53.56,11
53.57,16
53.58,5
53.59,14
53.6,25
53.61,12
53.62,12
53.63,22
53.64,23
53.65,19
53.66,19
53.67,13
53.68,7
53.69,10
53.7,11
53.71,18
53.72,16
53.73,12
53.74,13
53.75,13
53.76,21
53.77,9
53.78,13
53.79,10
53.8,17
53.81,19
53.82,12
53.83,15
53.84,16
53.85,11
53.86,8
53.87,16
53.88,12
53.89,13
53.9,12
53.91,11
53.92,10
53.93,14
53.94,16
53.95,16
53.96,10
53.97,10
53.98,12
53.99,8
54,17
54.01,21
54.02,9
54.03,15
54.04,17
54.05,19
54.06,14
54.07,21
54.08,10
54.09,9
54.1,9
54.11,14
54.12,19
54.13,10
54.14,16
54.15,10
54.16,18
54.17,16
54.18,15
54.19,9
54.2,11
54.21,19
54.22,17
54.23,17
54.24,23
54.25,25
54.26,21
54.27,18
54.28,18
54.29,15
54.3,12
54.31,16
54.32,14
54.33,13
54.34,20
54.35,15
54.36,12
54.37,18
54.38,17
54.39,14
54.4,21
54.41,9
54.42,12
54.43,25
54.44,12
54.45,11
54.46,16
54.47,13
54.48,18
54.49,16
54.5,21
54.51,14
54.52,14
54.53,9
54.54,15
54.55,20
54.56,26
54.57,18
54.58,11
54.59,19
54.6,25
54.61,29
54.62,45
54.63,46
54.64,64
54.65,54
54.66,69
54.67,32
54.68,24
54.69,27
54.7,21
54.71,23
54.72,15
54.73,17
54.74,21
54.75,22
54.76,29
54.77,33
54.78,32
54.79,27
54.8,29
54.81,38
54.82,31
54.83,21
54.84,20
54.85,13
54.86,16
54.87,13
54.88,18
54.89,19
54.9,14
54.91,13
54.92,15
54.93,15
54.94,10
54.95,12
54.96,22
54.97,12
54.98,16
54.99,13
55,20
55.01,19
55.02,17
55.03,14
55.04,10
55.05,20
55.06,14
55.07,13
55.08,13
55.09,10
55.1,16
55.11,10
55.12,11
55.13,14
55.14,9
55.15,21
55.16,11
55.17,11
55.18,10
55.19,15
55.2,11
55.21,14
55.22,15
55.23,10
55.24,8
55.25,5
55.26,12
55.27,15
55.28,9
55.29,12
55.3,11
55.31,14
55.32,12
55.33,14
55.34,9
55.35,11
55.36,7
55.37,9
55.38,11
55.39,16
55.4,14
55.41,13
55.42,20
55.43,17
55.44,17
55.45,18
55.46,13
55.47,16
55.48,17
55.49,14
55.5,10
55.51,14
55.52,14
55.53,13
55.54,10
55.55,11
55.56,15
55.57,13
55.58,9
55.59,12
55.6,11
55.61,14
55.62,6
55.63,14
55.64,14
55.65,9
55.66,13
55.67,12
55.68,13
55.69,8
55.7,24
55.71,11
55.72,19
55.73,9
55.74,11
55.75,16
55.76,19
55.77,15
55.78,23
55.79,13
55.8,12
55.81,16
55.82,12
55.83,6
55.84,14
55.85,11
55.86,10
55.87,10
55.88,16
55.89,13
55.9,15
55.91,21
55.92,12
55.93,15
55.94,11
55.95,14
55.96,17
55.97,11
55.98,16
55.99,17
56,9
56.01,10
56.02,10
56.03,12
56.04,16
56.05,15
56.06,11
56.07,23
56.08,17
56.09,12
56.1,19
56.11,22
56.12,8
56.13,17
56.14,10
56.15,7
56.16,18
56.17,16
56.18,12
56.19,9
56.2,15
56.21,20
56.22,20
56.23,13
56.24,8
56.25,22
56.26,13
56.27,21
56.28,21
56.29,13
56.3,13
56.31,7
56.32,17
56.33,14
56.34,16
56.35,13
56.36,10
56.37,17
56.38,15
56.39,18
56.4,14
56.41,16
56.42,15
56.43,21
56.44,10
56.45,16
56.46,13
56.47,9
56.48,7
56.49,13
56.5,11
56.51,10
56.52,11
56.53,9
56.54,17
56.55,10
56.56,13
56.57,18
56.58,13
56.59,15
56.6,11
56.61,12
56.62,16
56.63,9
56.64,14
56.65,13
56.66,13
56.67,15
56.68,19
56.69,9
56.7,11
56.71,12
56.72,9
56.73,9
56.74,18
56.75,13
56.76,16
56.77,18
56.78,15
56.79,13
56.8,14
56.81,17
56.82,4
56.83,14
56.84,15
56.85,12
56.86,9
56.87,8
56.88,20
56.89,6
56.9,16
56.91,10
56.92,11
56.93,11
56.94,12
56.95,12
56.96,11
56.97,10
56.98,9
56.99,14
57,14
57.01,8
57.02,9
57.03,13
57.04,10
57.05,21
57.06,14
57.07,12
57.08,7
57.09,9
57.1,18
57.11,16
57.12,12
57.13,14
57.14,12
57.15,14
57.16,12
57.17,21
57.18,7
57.19,10
57.2,16
57.21,5
57.22,10
57.23,14
57.24,16
57.25,17
57.26,17
57.27,10
57.28,14
57.29,11
57.3,13
57.31,7
57.32,10
57.33,15
57.34,9
57.35,18
57.36,8
57.37,11
57.38,8
57.39,12
57.4,20
57.41,14
57.42,11
57.43,15
57.44,12
57.45,17
57.46,14
57.47,20
57.48,25
57.49,16
57.5,26
57.51,31
57.52,25
57.53,26
57.54,20
57.55,28
57.56,19
57.57,17
57.58,19
57.59,20
57.6,18
57.61,13
57.62,18
57.63,18
57.64,21
57.65,17
57.66,22
57.67,25
57.68,18
57.69,22
57.7,24
57.71,23
57.72,18
57.73,24
57.74,28
57.75,34
57.76,36
57.77,37
57.78,55
57.79,68
57.8,45
57.81,51
57.82,41
57.83,22
57.84,26
57.85,14
57.86,28
57.87,18
57.88,21
57.89,17
57.9,26
57.91,25
57.92,28
57.93,34
57.94,36
57.95,35
57.96,30
57.97,35
57.98,23
57.99,25
58,34
58.01,30
58.02,21
58.03,29
58.04,28
58.05,27
58.06,50
58.07,43
58.08,54
58.09,58
58.1,43
58.11,29
58.12,25
58.13,17
58.14,23
58.15,19
58.16,17
58.17,17
58.18,18
58.19,23
58.2,21
58.21,33
58.22,32
58.23,38
58.24,40
58.25,27
58.26,25
58.27,26
58.28,19
58.29,20
58.3,14
58.31,18
58.32,9
58.33,14
58.34,13
58.35,13
58.36,21
58.37,15
58.38,18
58.39,15
58.4,11
58.41,16
58.42,18
58.43,9
58.44,18
58.45,7
58.46,18
58.47,19
58.48,17
58.49,14
58.5,20
58.51,11
58.52,18
58.53,18
58.54,19
58.55,8
58.56,13
58.57,9
58.58,9
58.59,17
58.6,13
58.61,12
58.62,11
58.63,9
58.64,12
58.65,20
58.66,22
58.67,10
58.68,10
58.69,8
58.7,16
58.71,8
58.72,13
58.73,10
58.74,17
58.75,14
58.76,18
58.77,17
58.78,7
58.79,12
58.8,16
58.81,16
58.82,20
58.83,23
58.84,12
58.85,14
58.86,21
58.87,23
58.88,20
58.89,26
58.9,22
58.91,24
58.92,32
58.93,23
58.94,22
58.95,21
58.96,15
58.97,20
58.98,17
58.99,11
59,18
59.01,14
59.02,10
59.03,15
59.04,12
59.05,22
59.06,15
59.07,21
59.08,17
59.09,25
59.1,20
59.11,12
59.12,18
59.13,16
59.14,17
59.15,18
59.16,12
59.17,9
59.18,11
59.19,16
59.2,15
59.21,12
59.22,12
59.23,10
59.24,16
59.25,9
59.26,14
59.27,14
59.28,13
59.29,24
59.3,20
59.31,18
59.32,11
59.33,13
59.34,14
59.35,21
59.36,12
59.37,20
59.38,18
59.39,16
59.4,18
59.41,21
59.42,17
59.43,15
59.44,19
59.45,13
59.46,14
59.47,18
59.48,15
59.49,16
59.5,22
59.51,10
59.52,14
59.53,13
59.54,18
59.55,13
59.56,12
59.57,12
59.58,17
59.59,15
59.6,8
59.61,20
59.62,18
59.63,13
59.64,17
59.65,21
59.66,22
59.67,27
59.68,31
59.69,33
59.7,24
59.71,26
59.72,23
59.73,25
59.74,23
59.75,22
59.76,19
59.77,14
59.78,17
59.79,20
59.8,16
59.81,21
59.82,20
59.83,29
59.84,23
59.85,25
59.86,22
59.87,26
59.88,21
59.89,20
59.9,22
59.91,22
59.92,13
59.93,15
59.94,13
59.95,14
59.96,11
59.97,16
59.98,19
59.99,21
60,21
60.01,17
60.02,14
60.03,16
60.04,17
60.05,15
60.06,11
60.07,13
60.08,12
60.09,14
60.1,14
60.11,17
60.12,19
60.13,18
60.14,14
60.15,11
60.16,20
60.17,9
60.18,18
60.19,13
60.2,15
60.21,13
60.22,13
60.23,14
60.24,11
60.25,6
60.26,20
60.27,16
60.28,21
60.29,25
60.3,15
60.31,18
60.32,11
60.33,22
60.34,15
60.35,8
60.36,15
60.37,10
60.38,14
60.39,17
60.4,13
60.41,20
60.42,15
60.43,17
60.44,24
60.45,21
60.46,22
60.47,15
60.48,26
60.49,13
60.5,12
60.51,21
60.52,11
60.53,18
60.54,15
60.55,11
60.56,26
60.57,20
60.58,19
60.59,23
60.6,27
60.61,23
60.62,14
60.63,21
60.64,15
60.65,24
60.66,16
60.67,11
60.68,12
60.69,24
60.7,15
60.71,15
60.72,12
60.73,20
60.74,18
60.75,16
60.76,33
60.77,17
60.78,17
60.79,13
60.8,15
60.81,14
60.82,14
60.83,25
60.84,16
60.85,19
60.86,9
60.87,21
60.88,13
60.89,13
60.9,15
60.91,12
60.92,16
60.93,16
60.94,20
60.95,14
60.96,21
60.97,19
60.98,14
60.99,19
61,9
61.01,21
61.02,18
61.03,14
61.04,15
61.05,19
61.06,19
61.07,13
61.08,27
61.09,32
61.1,21
61.11,22
61.12,23
61.13,15
61.14,16
61.15,16
61.16,13
61.17,19
61.18,14
61.19,18
61.2,9
61.21,15
61.22,20
61.23,17
61.24,23
61.25,17
61.26,20
61.27,22
61.28,17
61.29,18
61.3,12
61.31,22
61.32,6
61.33,12
61.34,19
61.35,15
61.36,16
61.37,16
61.38,10
61.39,12
61.4,16
61.41,15
61.42,14
61.43,13
61.44,14
61.45,9
61.46,14
61.47,12
61.48,17
61.49,20
61.5,8
61.51,15
61.52,11
61.53,19
61.54,18
61.55,12
61.56,12
61.57,14
61.58,17
61.59,15
61.6,13
61.61,12
61.62,16
61.63,14
61.64,17
61.65,17
61.66,19
61.67,10
61.68,11
61.69,10
61.7,14
61.71,16
61.72,13
61.73,7
61.74,8
61.75,13
61.76,8
61.77,15
61.78,19
61.79,14
61.8,9
61.81,14
61.82,8
61.83,10
61.84,13
61.85,13
61.86,10
61.87,16
61.88,12
61.89,16
61.9,13
61.91,15
61.92,18
61.93,14
61.94,19
61.95,18
61.96,12
61.97,18
61.98,16
61.99,20
62,15
62.01,16
62.02,11
62.03,14
62.04,9
62.05,16
62.06,15
62.07,7
62.08,16
62.09,17
62.1,11
62.11,7
62.12,15
62.13,6
62.14,9
62.15,15
62.16,7
62.17,17
62.18,16
62.19,10
62.2,15
62.21,18
62.22,11
62.23,16
62.24,3
62.25,16
62.26,16
62.27,14
62.28,16
62.29,18
62.3,28
62.31,21
62.32,23
62.33,28
62.34,24
62.35,18
62.36,24
62.37,21
62.38,16
62.39,15
62.4,16
62.41,18
62.42,12
62.43,19
62.44,24
62.45,22
62.46,21
62.47,12
62.48,19
62.49,21
62.5,18
62.51,25
62.52,25
62.53,23
62.54,20
62.55,14
62.56,15
62.57,20
62.58,21
62.59,23
62.6,25
62.61,26
62.62,27
62.63,35
62.64,42
62.65,44
62.66,52
62.67,64
62.68,57
62.69,48
62.7,42
62.71,41
62.72,47
62.73,38
62.74,44
62.75,33
62.76,38
62.77,27
62.78,32
62.79,37
62.8,42
62.81,33
62.82,59
62.83,68
62.84,90
62.85,77
62.86,70
62.87,54
62.88,53
62.89,41
62.9,37
62.91,32
62.92,28
62.93,30
62.94,30
62.95,37
62.96,29
62.97,28
62.98,28
62.99,43
63,46
63.01,49
63.02,61
63.03,52
63.04,33
63.05,23
63.06,29
63.07,26
63.08,23
63.09,32
63.1,26
63.11,23
63.12,43
63.13,31
63.14,47
63.15,54
63.16,48
63.17,54
63.18,57
63.19,35
63.2,33
63.21,34
63.22,28
63.23,28
63.24,18
63.25,20
63.26,16
63.27,18
63.28,25
63.29,27
63.3,27
63.31,37
63.32,42
63.33,36
63.34,48
63.35,50
63.36,63
63.37,62
63.38,55
63.39,47
63.4,28
63.41,33
63.42,26
63.43,34
63.44,30
63.45,27
63.46,34
63.47,20
63.48,26
63.49,20
63.5,28
63.51,40
63.52,39
63.53,30
63.54,28
63.55,34
63.56,47
63.57,44
63.58,46
63.59,58
63.6,55
63.61,65
63.62,41
63.63,41
63.64,34
63.65,35
63.66,29
63.67,22
63.68,14
63.69,34
63.7,16
63.71,21
63.72,22
63.73,15
63.74,29
63.75,43
63.76,29
63.77,42
63.78,53
63.79,33
63.8,25
63.81,24
63.82,23
63.83,22
63.84,14
63.85,27
63.86,21
63.87,22
63.88,24
63.89,23
63.9,23
63.91,31
63.92,42
63.93,44
63.94,60
63.95,41
63.96,58
63.97,38
63.98,34
63.99,25
64,25
64.01,15
64.02,20
64.03,16
64.04,27
64.05,20
64.06,14
64.07,15
64.08,20
64.09,16
64.1,30
64.11,29
64.12,29
64.13,23
64.14,25
64.15,38
64.16,21
64.17,17
64.18,23
64.19,17
64.2,11
64.21,15
64.22,14
64.23,22
64.24,24
64.25,14
64.26,26
64.27,8
64.28,18
64.29,13
64.3,19
64.31,22
64.32,8
64.33,11
64.34,14
64.35,17
64.36,11
64.37,27
64.38,14
64.39,9
64.4,16
64.41,15
64.42,19
64.43,13
64.44,11
64.45,17
64.46,16
64.47,13
64.48,10
64.49,20
64.5,9
64.51,14
64.52,10
64.53,16
64.54,13
64.55,18
64.56,11
64.57,15
64.58,20
64.59,16
64.6,13
64.61,12
64.62,13
64.63,16
64.64,13
64.65,16
64.66,14
64.67,15
64.68,14
64.69,19
64.7,7
64.71,12
64.72,16
64.73,14
64.74,8
64.75,11
64.76,8
64.77,11
64.78,15
64.79,15
64.8,12
64.81,15
64.82,11
64.83,14
64.84,8
64.85,15
64.86,18
64.87,18
64.88,12
64.89,11
64.9,18
64.91,12
64.92,14
64.93,12
64.94,12
64.95,26
64.96,11
64.97,14
64.98,12
64.99,13
65,19
65.01,20
65.02,7
65.03,13
65.04,14
65.05,13
65.06,8
65.07,13
65.08,10
65.09,17
65.1,16
65.11,11
65.12,20
65.13,17
65.14,11
65.15,17
65.16,9
65.17,18
65.18,16
65.19,26
65.2,14
65.21,16
65.22,17
65.23,21
65.24,22
65.25,23
65.26,22
65.27,22
65.28,24
65.29,19
65.3,15
65.31,20
65.32,28
65.33,13
65.34,11
65.35,18
65.36,19
65.37,11
65.38,11
65.39,19
65.4,20
65.41,18
65.42,21
65.43,18
65.44,18
65.45,10
65.46,22
65.47,15
65.48,16
65.49,18
65.5,16
65.51,12
65.52,17
65.53,34
65.54,27
65.55,29
65.56,34
65.57,20
65.58,19
65.59,14
65.6,20
65.61,17
65.62,16
65.63,25
65.64,12
65.65,14
65.66,15
65.67,11
65.68,13
65.69,19
65.7,18
65.71,18
65.72,26
65.73,28
65.74,24
65.75,16
65.76,22
65.77,17
65.78,23
65.79,19
65.8,15
65.81,23
65.82,23
65.83,21
65.84,13
65.85,26
65.86,20
65.87,43
65.88,40
65.89,76
65.9,109
65.91,134
65.92,111
65.93,103
65.94,65
65.95,41
65.96,33
65.97,27
65.98,23
65.99,25
66,17
66.01,18
66.02,29
66.03,25
66.04,26
66.05,20
66.06,16
66.07,47
66.08,57
66.09,59
66.1,89
66.11,67
66.12,37
66.13,31
66.14,25
66.15,20
66.16,22
66.17,12
66.18,17
66.19,22
66.2,19
66.21,12
66.22,17
66.23,11
66.24,20
66.25,13
66.26,19
66.27,19
66.28,16
66.29,18
66.3,19
66.31,17
66.32,9
66.33,9
66.34,15
66.35,14
66.36,14
66.37,16
66.38,15
66.39,16
66.4,13
66.41,15
66.42,13
66.43,12
66.44,7
66.45,16
66.46,20
66.47,11
66.48,15
66.49,13
66.5,13
66.51,22
66.52,18
66.53,7
66.54,13
66.55,14
66.56,14
66.57,9
66.58,15
66.59,11
66.6,20
66.61,6
66.62,13
66.63,13
66.64,22
66.65,17
66.66,9
66.67,7
66.68,21
66.69,12
66.7,22
66.71,18
66.72,8
66.73,22
66.74,15
66.75,16
66.76,21
66.77,13
66.78,19
66.79,18
66.8,21
66.81,14
66.82,9
66.83,14
66.84,13
66.85,11
66.86,12
66.87,17
66.88,19
66.89,4
66.9,13
66.91,15
66.92,12
66.93,16
66.94,20
66.95,14
66.96,16
66.97,10
66.98,5
66.99,18
67,16
67.01,12
67.02,11
67.03,18
67.04,12
67.05,11
67.06,18
67.07,13
67.08,17
67.09,16
67.1,12
67.11,16
67.12,15
67.13,19
67.14,19
67.15,18
67.16,12
67.17,22
67.18,23
67.19,17
67.2,19
67.21,17
67.22,10
67.23,26
67.24,10
67.25,10
67.26,14
67.27,19
67.28,13
67.29,20
67.3,13
67.31,16
67.32,14
67.33,18
67.34,23
67.35,21
67.36,13
67.37,19
67.38,12
67.39,9
67.4,11
67.41,18
67.42,11
67.43,14
67.44,13
67.45,13
67.46,10
67.47,9
67.48,13
67.49,22
67.5,14
67.51,18
67.52,11
67.53,13
67.54,14
67.55,12
67.56,9
67.57,17
67.58,20
67.59,10
67.6,8
67.61,12
67.62,12
67.63,9
67.64,16
67.65,10
67.66,19
67.67,10
67.68,11
67.69,21
67.7,13
67.71,17
67.72,15
67.73,16
67.74,14
67.75,13
67.76,10
67.77,8
67.78,12
67.79,6
67.8,15
67.81,10
67.82,11
67.83,15
67.84,11
67.85,14
67.86,11
67.87,12
67.88,14
67.89,13
67.9,17
67.91,8
67.92,12
67.93,5
67.94,16
67.95,13
67.96,11
67.97,5
67.98,12
67.99,17
68,10
68.01,11
68.02,15
68.03,12
68.04,13
68.05,16
68.06,9
68.07,13
68.08,18
68.09,14
68.1,9
68.11,8
68.12,8
68.13,12
68.14,18
68.15,9
68.16,8
68.17,11
68.18,15
68.19,14
68.2,15
68.21,10
68.22,20
68.23,12
68.24,14
68.25,16
68.26,12
68.27,10
68.28,13
68.29,12
68.3,10
68.31,16
68.32,15
68.33,12
68.34,12
68.35,9
68.36,9
68.37,7
68.38,22
68.39,18
68.4,11
68.41,11
68.42,14
68.43,10
68.44,11
68.45,13
68.46,17
68.47,6
68.48,9
68.49,10
68.5,8
68.51,13
68.52,10
68.53,13
68.54,14
68.55,8
68.56,10
68.57,15
68.58,15
68.59,9
68.6,14
68.61,13
68.62,17
68.63,14
68.64,15
68.65,9
68.66,12
68.67,20
68.68,13
68.69,7
68.7,12
68.71,8
68.72,7
68.73,12
68.74,16
68.75,7
68.76,20
68.77,12
68.78,11
68.79,5
68.8,9
68.81,6
68.82,20
68.83,23
68.84,20
68.85,19
68.86,20
68.87,22
68.88,21
68.89,18
68.9,18
68.91,17
68.92,20
68.93,15
68.94,18
68.95,17
68.96,10
68.97,13
68.98,16
68.99,11
69,7
69.01,18
69.02,12
69.03,31
69.04,18
69.05,12
69.06,9
69.07,12
69.08,12
69.09,12
69.1,16
69.11,11
69.12,11
69.13,13
69.14,14
69.15,18
69.16,12
69.17,12
69.18,15
69.19,12
69.2,19
69.21,11
69.22,17
69.23,9
69.24,13
69.25,16
69.26,18
69.27,10
69.28,12
69.29,15
69.3,15
69.31,12
69.32,6
69.33,8
69.34,8
69.35,8
69.36,10
69.37,12
69.38,21
69.39,15
69.4,10
69.41,14
69.42,12
69.43,13
69.44,11
69.45,10
69.46,12
69.47,15
69.48,16
69.49,9
69.5,16
69.51,15
69.52,8
69.53,12
69.54,18
69.55,15
69.56,4
69.57,13
69.58,13
69.59,13
69.6,10
69.61,15
69.62,9
69.63,14
69.64,19
69.65,21
69.66,14
69.67,18
69.68,14
69.69,8
69.7,16
69.71,14
69.72,13
69.73,13
69.74,13
69.75,13
69.76,9
69.77,18
69.78,15
69.79,18
69.8,13
69.81,14
69.82,15
69.83,16
69.84,11
69.85,16
69.86,10
69.87,13
69.88,13
69.89,16
69.9,17
69.91,8
69.92,11
69.93,19
69.94,7
69.95,17
69.96,15
69.97,15
69.98,9
69.99,11
70,17
70.01,9
70.02,15
70.03,19
70.04,12
70.05,9
70.06,18
70.07,12
70.08,12
70.09,16
70.1,18
70.11,14
70.12,11
70.13,11
70.14,7
70.15,15
70.16,17
70.17,15
70.18,10
70.19,6
70.2,13
70.21,11
70.22,16
70.23,15
70.24,12
70.25,9
70.26,8
70.27,11
70.28,15
70.29,14
70.3,7
70.31,12
70.32,16
70.33,11
70.34,7
70.35,10
70.36,17
70.37,19
70.38,18
70.39,13
70.4,13
70.41,13
70.42,20
70.43,19
70.44,16
70.45,17
70.46,21
70.47,15
70.48,22
70.49,35
70.5,26
70.51,35
70.52,32
70.53,52
70.54,69
70.55,54
70.56,60
70.57,47
70.58,40
70.59,31
70.6,41
70.61,10
70.62,23
70.63,22
70.64,20
70.65,17
70.66,19
70.67,26
70.68,19
70.69,20
70.7,24
70.71,29
70.72,36
70.73,42
70.74,41
70.75,41
70.76,51
70.77,40
70.78,29
70.79,31
70.8,25
70.81,27
70.82,26
70.83,15
70.84,9
70.85,14
70.86,18
70.87,10
70.88,10
70.89,13
70.9,17
70.91,14
70.92,11
70.93,18
70.94,12
70.95,16
70.96,8
70.97,10
70.98,20
70.99,10
71,21
71.01,13
71.02,8
71.03,14
71.04,11
71.05,9
71.06,15
71.07,16
71.08,9
71.09,12
71.1,15
71.11,18
71.12,14
71.13,9
71.14,10
71.15,11
71.16,10
71.17,15
71.18,8
71.19,12
71.2,14
71.21,14
71.22,8
71.23,17
71.24,9
71.25,15
71.26,17
71.27,14
71.28,12
71.29,22
71.3,16
71.31,15
71.32,9
71.33,13
71.34,17
71.35,13
71.36,12
71.37,12
71.38,16
71.39,10
71.4,16
71.41,17
71.42,10
71.43,14
71.44,11
71.45,18
71.46,11
71.47,14
71.48,15
71.49,15
71.5,16
71.51,19
71.52,31
71.53,30
71.54,46
71.55,62
71.56,54
71.57,57
71.58,71
71.59,46
71.6,41
71.61,33
71.62,30
71.63,17
71.64,22
71.65,16
71.66,12
71.67,11
71.68,16
71.69,18
71.7,10
71.71,14
71.72,12
71.73,19
71.74,16
71.75,33
71.76,39
71.77,39
71.78,41
71.79,36
71.8,30
71.81,28
71.82,22
71.83,17
71.84,24
71.85,15
71.86,10
71.87,19
71.88,12
71.89,10
71.9,16
71.91,15
71.92,12
71.93,17
71.94,10
71.95,15
71.96,16
71.97,15
71.98,10
71.99,15
72,15
72.01,15
72.02,13
72.03,13
72.04,14
72.05,9
72.06,14
72.07,13
72.08,12
72.09,9
72.1,18
72.11,18
72.12,13
72.13,17
72.14,18
72.15,19
72.16,8
72.17,11
72.18,11
72.19,18
72.2,12
72.21,14
72.22,17
72.23,9
72.24,11
72.25,12
72.26,11
72.27,10
72.28,15
72.29,13
72.3,6
72.31,12
72.32,11
72.33,15
72.34,5
72.35,13
72.36,7
72.37,13
72.38,16
72.39,16
72.4,16
72.41,14
72.42,19
72.43,9
72.44,16
72.45,11
72.46,11
72.47,16
72.48,13
72.49,14
72.5,9
72.51,15
72.52,17
72.53,22
72.54,13
72.55,15
72.56,16
72.57,14
72.58,10
72.59,13
72.6,12
72.61,10
72.62,15
72.63,13
72.64,13
72.65,15
72.66,15
72.67,16
72.68,11
72.69,10
72.7,10
72.71,12
72.72,12
72.73,7
72.74,8
72.75,8
72.76,10
72.77,14
72.78,11
72.79,13
72.8,18
72.81,14
72.82,13
72.83,16
72.84,14
72.85,17
72.86,10
72.87,14
72.88,14
72.89,16
72.9,10
72.91,12
72.92,14
72.93,9
72.94,13
72.95,7
72.96,10
72.97,13
72.98,9
72.99,12
73,16
73.01,14
73.02,15
73.03,10
73.04,8
73.05,8
73.06,12
73.07,14
73.08,14
73.09,7
73.1,14
73.11,17
73.12,9
73.13,11
73.14,5
73.15,10
73.16,13
73.17,12
73.18,12
73.19,11
73.2,12
73.21,23
73.22,10
73.23,14
73.24,14
73.25,8
73.26,10
73.27,14
73.28,12
73.29,18
73.3,14
73.31,9
73.32,19
73.33,11
73.34,10
73.35,17
73.36,17
73.37,15
73.38,20
73.39,18
73.4,17
73.41,14
73.42,16
73.43,14
73.44,11
73.45,12
73.46,13
73.47,16
73.48,13
73.49,10
73.5,16
73.51,10
73.52,19
73.53,11
73.54,15
73.55,13
73.56,18
73.57,26
73.58,16
73.59,16
73.6,9
73.61,15
73.62,16
73.63,16
73.64,12
73.65,13
73.66,20
73.67,20
73.68,16
73.69,12
73.7,10
73.71,16
73.72,9
73.73,11
73.74,18
73.75,11
73.76,16
73.77,15
73.78,12
73.79,17
73.8,24
73.81,25
73.82,24
73.83,22
73.84,24
73.85,17
73.86,22
73.87,24
73.88,17
73.89,9
73.9,14
73.91,13
73.92,15
73.93,12
73.94,17
73.95,16
73.96,15
73.97,11
73.98,11
73.99,14
74,14
74.01,16
74.02,15
74.03,10
74.04,13
74.05,20
74.06,17
74.07,16
74.08,16
74.09,19
74.1,18
74.11,12
74.12,14
74.13,11
74.14,12
74.15,21
74.16,13
74.17,15
74.18,15
74.19,14
74.2,17
74.21,11
74.22,15
74.23,17
74.24,12
74.25,24
74.26,15
74.27,12
74.28,15
74.29,22
74.3,23
74.31,25
74.32,28
74.33,33
74.34,31
74.35,45
74.36,36
74.37,29
74.38,25
74.39,16
74.4,24
74.41,20
74.42,18
74.43,30
74.44,11
74.45,15
74.46,24
74.47,17
74.48,21
74.49,14
74.5,19
74.51,21
74.52,24
74.53,26
74.54,27
74.55,33
74.56,35
74.57,31
74.58,30
74.59,31
74.6,31
74.61,26
74.62,31
74.63,13
74.64,21
74.65,15
74.66,22
74.67,17
74.68,16
74.69,12
74.7,16
74.71,24
74.72,14
74.73,13
74.74,30
74.75,13
74.76,14
74.77,19
74.78,22
74.79,17
74.8,23
74.81,17
74.82,14
74.83,19
74.84,11
74.85,12
74.86,13
74.87,21
74.88,19
74.89,22
74.9,22
74.91,18
74.92,23
74.93,25
74.94,26
74.95,21
74.96,24
74.97,22
74.98,24
74.99,17
75,20
75.01,13
75.02,11
75.03,9
75.04,14
75.05,16
75.06,13
75.07,13
75.08,11
75.09,21
75.1,15
75.11,14
75.12,14
75.13,14
75.14,10
75.15,21
75.16,14
75.17,4
75.18,15
75.19,17
75.2,10
75.21,10
75.22,12
75.23,12
75.24,11
75.25,11
75.26,19
75.27,18
75.28,14
75.29,10
75.3,11
75.31,6
75.32,7
75.33,11
75.34,6
75.35,12
75.36,13
75.37,6
75.38,14
75.39,14
75.4,16
75.41,6
75.42,16
75.43,12
75.44,14
75.45,15
75.46,12
75.47,10
75.48,12
75.49,9
75.5,17
75.51,8
75.52,13
75.53,16
75.54,10
75.55,7
75.56,6
75.57,9
75.58,12
75.59,10
75.6,15
75.61,11
75.62,13
75.63,7
75.64,12
75.65,12
75.66,11
75.67,12
75.68,11
75.69,13
75.7,9
75.71,9
75.72,10
75.73,13
75.74,12
75.75,10
75.76,12
75.77,14
75.78,16
75.79,9
75.8,12
75.81,17
75.82,8
75.83,21
75.84,14
75.85,12
75.86,9
75.87,11
75.88,9
75.89,12
75.9,11
75.91,4
75.92,10
75.93,17
75.94,13
75.95,10
75.96,13
75.97,10
75.98,9
75.99,9
76,27
76.01,9
76.02,10
76.03,12
76.04,6
76.05,6
76.06,8
76.07,10
76.08,13
76.09,11
76.1,14
76.11,12
76.12,16
76.13,17
76.14,12
76.15,13
76.16,13
76.17,8
76.18,10
76.19,14
76.2,14
76.21,10
76.22,11
76.23,11
76.24,14
76.25,22
76.26,13
76.27,18
76.28,12
76.29,17
76.3,14
76.31,14
76.32,18
76.33,18
76.34,16
76.35,19
76.36,13
76.37,11
76.38,16
76.39,11
76.4,15
76.41,9
76.42,11
76.43,19
76.44,19
76.45,14
76.46,12
76.47,12
76.48,9
76.49,14
76.5,12
76.51,14
76.52,12
76.53,13
76.54,17
76.55,14
76.56,18
76.57,17
76.58,13
76.59,20
76.6,27
76.61,23
76.62,24
76.63,25
76.64,24
76.65,22
76.66,21
76.67,24
76.68,17
76.69,17
76.7,18
76.71,17
76.72,13
76.73,11
76.74,22
76.75,14
76.76,16
76.77,12
76.78,9
76.79,12
76.8,18
76.81,20
76.82,20
76.83,9
76.84,17
76.85,20
76.86,21
76.87,21
76.88,11
76.89,19
76.9,15
76.91,15
76.92,12
76.93,21
76.94,21
76.95,17
76.96,6
76.97,18
76.98,12
76.99,18
77,12
77.01,15
77.02,24
77.03,10
77.04,14
77.05,15
77.06,20
77.07,18
77.08,10
77.09,14
77.1,18
77.11,16
77.12,23
77.13,8
77.14,11
77.15,11
77.16,16
77.17,8
77.18,9
77.19,14
77.2,19
77.21,8
77.22,23
77.23,11
77.24,13
77.25,16
77.26,12
77.27,12
77.28,22
77.29,14
77.3,18
77.31,16
77.32,14
77.33,6
77.34,6
77.35,10
77.36,11
77.37,12
77.38,10
77.39,12
77.4,8
77.41,7
77.42,13
77.43,13
77.44,12
77.45,9
77.46,16
77.47,12
77.48,12
77.49,15
77.5,13
77.51,19
77.52,19
77.53,19
77.54,16
77.55,18
77.56,12
77.57,17
77.58,8
77.59,10
77.6,11
77.61,16
77.62,13
77.63,12
77.64,8
77.65,18
77.66,15
77.67,16
77.68,15
77.69,20
77.7,10
77.71,11
77.72,15
77.73,14
77.74,18
77.75,13
77.76,9
77.77,18
77.78,14
77.79,12
77.8,13
77.81,10
77.82,7
77.83,14
77.84,12
77.85,9
77.86,12
77.87,11
77.88,7
77.89,14
77.9,25
77.91,17
77.92,15
77.93,10
77.94,17
77.95,11
77.96,13
77.97,13
77.98,13
77.99,9
78,14
78.01,5
78.02,11
78.03,7
78.04,18
78.05,17
78.06,14
78.07,6
78.08,16
78.09,13
78.1,10
78.11,12
78.12,14
78.13,11
78.14,13
78.15,10
78.16,22
78.17,11
78.18,9
78.19,18
78.2,13
78.21,26
78.22,11
78.23,13
78.24,11
78.25,16
78.26,15
78.27,8
78.28,15
78.29,10
78.3,14
78.31,12
78.32,15
78.33,20
78.34,10
78.35,16
78.36,14
78.37,13
78.38,16
78.39,10
78.4,13
78.41,15
78.42,14
78.43,18
78.44,16
78.45,18
78.46,13
78.47,21
78.48,13
78.49,15
78.5,13
78.51,18
78.52,15
78.53,13
78.54,15
78.55,19
78.56,20
78.57,16
78.58,18
78.59,12
78.6,14
78.61,11
78.62,6
78.63,14
78.64,9
78.65,12
78.66,15
78.67,11
78.68,12
78.69,12
78.7,21
78.71,12
78.72,14
78.73,20
78.74,11
78.75,12
78.76,17
78.77,14
78.78,15
78.79,15
78.8,10
78.81,12
78.82,15
78.83,16
78.84,13
78.85,7
78.86,15
78.87,11
78.88,9
78.89,11
78.9,10
78.91,15
78.92,17
78.93,14
78.94,5
78.95,9
78.96,11
78.97,8
78.98,8
78.99,11
79,8
79.01,8
79.02,5
79.03,12
79.04,10
79.05,10
79.06,11
79.07,9
79.08,14
79.09,4
79.1,12
79.11,12
79.12,9
79.13,12
79.14,4
79.15,14
79.16,9
79.17,16
79.18,13
79.19,11
79.2,9
79.21,16
79.22,11
79.23,16
79.24,13
79.25,8
79.26,8
79.27,13
79.28,7
79.29,10
79.3,5
79.31,13
79.32,12
79.33,16
79.34,7
79.35,9
79.36,11
79.37,10
79.38,16
79.39,15
79.4,8
79.41,3
79.42,8
79.43,9
79.44,19
79.45,10
79.46,10
79.47,10
79.48,19
79.49,20
79.5,22
79.51,11
79.52,15
79.53,23
79.54,12
79.55,11
79.56,12
79.57,9
79.58,14
79.59,13
79.6,13
79.61,11
79.62,10
79.63,15
79.64,9
79.65,13
79.66,10
79.67,15
79.68,13
79.69,13
79.7,12
79.71,21
79.72,18
79.73,12
79.74,15
79.75,18
79.76,21
79.77,26
79.78,7
79.79,16
79.8,6
79.81,11
79.82,9
79.83,11
79.84,6
79.85,11
79.86,12
79.87,6
79.88,13
79.89,11
79.9,9
79.91,15
79.92,11
79.93,11
79.94,7
79.95,11
79.96,10
79.97,9
79.98,8
79.99,6
80,8
80.01,9
80.02,11
80.03,13
80.04,8
80.05,10
80.06,8
80.07,7
80.08,7
80.09,9
80.1,8
80.11,4
80.12,12
80.13,3
80.14,12
80.15,7
80.16,12
80.17,10
80.18,10
80.19,14
80.2,10
80.21,15
80.22,11
80.23,13
80.24,10
80.25,14
80.26,13
80.27,13
80.28,13
80.29,10
80.3,7
80.31,13
80.32,8
80.33,12
80.34,10
80.35,15
80.36,7
80.37,15
80.38,13
80.39,10
80.4,8
80.41,11
80.42,10
80.43,16
80.44,6
80.45,7
80.46,9
80.47,10
80.48,5
80.49,9
80.5,13
80.51,12
80.52,19
80.53,15
80.54,5
80.55,12
80.56,13
80.57,12
80.58,5
80.59,13
80.6,13
80.61,7
80.62,14
80.63,9
80.64,13
80.65,7
80.66,6
80.67,12
80.68,7
80.69,5
80.7,5
80.71,15
80.72,16
80.73,10
80.74,13
80.75,17
80.76,19
80.77,19
80.78,26
80.79,19
80.8,19
80.81,18
80.82,16
80.83,20
80.84,13
80.85,18
80.86,15
80.87,13
80.88,14
80.89,12
80.9,14
80.91,5
80.92,7
80.93,9
80.94,9
80.95,14
80.96,15
80.97,14
80.98,18
80.99,12
81,13
81.01,26
81.02,28
81.03,22
81.04,17
81.05,22
81.06,13
81.07,19
81.08,16
81.09,17
81.1,21
81.11,21
81.12,19
81.13,14
81.14,20
81.15,11
81.16,12
81.17,11
81.18,11
81.19,10
81.2,11
81.21,12
81.22,9
81.23,14
81.24,5
81.25,10
81.26,16
81.27,15
81.28,16
81.29,9
81.3,14
81.31,11
81.32,18
81.33,7
81.34,11
81.35,18
81.36,10
81.37,11
81.38,10
81.39,9
81.4,8
81.41,16
81.42,18
81.43,14
81.44,20
81.45,18
81.46,13
81.47,19
81.48,6
81.49,9
81.5,18
81.51,14
81.52,12
81.53,7
81.54,8
81.55,9
81.56,13
81.57,17
81.58,10
81.59,13
81.6,17
81.61,15
81.62,12
81.63,14
81.64,12
81.65,10
81.66,4
81.67,11
81.68,14
81.69,12
81.7,16
81.71,11
81.72,14
81.73,4
81.74,11
81.75,11
81.76,10
81.77,5
81.78,9
81.79,3
81.8,15
81.81,6
81.82,14
81.83,6
81.84,7
81.85,10
81.86,12
81.87,8
81.88,7
81.89,13
81.9,10
81.91,14
81.92,12
81.93,12
81.94,15
81.95,8
81.96,15
81.97,6
81.98,11
81.99,11
82,8
82.01,8
82.02,9
82.03,6
82.04,14
82.05,19
82.06,10
82.07,8
82.08,7
82.09,12
82.1,15
82.11,7
82.12,10
82.13,10
82.14,17
82.15,13
82.16,8
82.17,2
82.18,10
82.19,12
82.2,14
82.21,17
82.22,9
82.23,21
82.24,13
82.25,20
82.26,19
82.27,22
82.28,17
82.29,16
82.3,17
82.31,16
82.32,7
82.33,10
82.34,13
82.35,15
82.36,14
82.37,17
82.38,11
82.39,11
82.4,6
82.41,14
82.42,8
82.43,9
82.44,9
82.45,11
82.46,8
82.47,16
82.48,14
82.49,12
82.5,11
82.51,13
82.52,20
82.53,15
82.54,14
82.55,19
82.56,14
82.57,13
82.58,17
82.59,12
82.6,9
82.61,11
82.62,15
82.63,17
82.64,18
82.65,18
82.66,6
82.67,11
82.68,18
82.69,13
82.7,13
82.71,12
82.72,10
82.73,12
82.74,12
82.75,10
82.76,16
82.77,12
82.78,10
82.79,10
82.8,12
82.81,13
82.82,7
82.83,14
82.84,13
82.85,11
82.86,11
82.87,12
82.88,13
82.89,14
82.9,10
82.91,7
82.92,9
82.93,12
82.94,7
82.95,7
82.96,12
82.97,17
82.98,14
82.99,14
83,13
83.01,11
83.02,8
83.03,15
83.04,13
83.05,11
83.06,10
83.07,10
83.08,8
83.09,8
83.1,11
83.11,12
83.12,7
83.13,7
83.14,13
83.15,4
83.16,12
83.17,11
83.18,12
83.19,9
83.2,11
83.21,11
83.22,4
83.23,12
83.24,11
83.25,14
83.26,15
83.27,11
83.28,12
83.29,15
83.3,11
83.31,10
83.32,10
83.33,4
83.34,15
83.35,10
83.36,9
83.37,10
83.38,8
83.39,16
83.4,11
83.41,10
83.42,8
83.43,11
83.44,12
83.45,12
83.46,13
83.47,9
83.48,9
83.49,10
83.5,13
83.51,10
83.52,9
83.53,5
83.54,7
83.55,10
83.56,10
83.57,10
83.58,7
83.59,6
83.6,19
83.61,7
83.62,6
83.63,10
83.64,10
83.65,10
83.66,16
83.67,15
83.68,12
83.69,11
83.7,10
83.71,10
83.72,15
83.73,18
83.74,9
83.75,14
83.76,6
83.77,5
83.78,10
83.79,16
83.8,4
83.81,7
83.82,8
83.83,8
83.84,11
83.85,4
83.86,12
83.87,7
83.88,6
83.89,14
83.9,7
83.91,10
83.92,3
83.93,8
83.94,8
83.95,6
83.96,7
83.97,8
83.98,7
83.99,15
84,11
84.01,14
84.02,11
84.03,5
84.04,16
84.05,10
84.06,11
84.07,7
84.08,8
84.09,4
84.1,8
84.11,9
84.12,11
84.13,6
84.14,12
84.15,12
84.16,13
84.17,10
84.18,8
84.19,8
84.2,4
84.21,4
84.22,12
84.23,18
84.24,9
84.25,12
84.26,6
84.27,8
84.28,6
84.29,8
84.3,7
84.31,12
84.32,4
84.33,13
84.34,11
84.35,8
84.36,14
84.37,7
84.38,5
84.39,8
84.4,9
84.41,14
84.42,8
84.43,9
84.44,10
84.45,8
84.46,12
84.47,10
84.48,10
84.49,3
84.5,12
84.51,12
84.52,9
84.53,10
84.54,11
84.55,10
84.56,11
84.57,12
84.58,9
84.59,7
84.6,15
84.61,22
84.62,14
84.63,19
84.64,12
84.65,19
84.66,7
84.67,10
84.68,9
84.69,13
84.7,14
84.71,9
84.72,10
84.73,14
84.74,18
84.75,11
84.76,20
84.77,19
84.78,20
84.79,12
84.8,19
84.81,28
84.82,31
84.83,31
84.84,20
84.85,26
84.86,14
84.87,23
84.88,8
84.89,20
84.9,19
84.91,15
84.92,28
84.93,29
84.94,32
84.95,32
84.96,30
84.97,26
84.98,24
84.99,18
85,21
85.01,22
85.02,21
85.03,13
85.04,19
85.05,22
85.06,20
85.07,26
85.08,33
85.09,30
85.1,22
85.11,23
85.12,28
85.13,32
85.14,38
85.15,47
85.16,34
85.17,34
85.18,28
85.19,44
85.2,29
85.21,20
85.22,22
85.23,26
85.24,15
85.25,17
85.26,19
85.27,8
85.28,15
85.29,10
85.3,15
85.31,9
85.32,11
85.33,11
85.34,13
85.35,15
85.36,18
85.37,15
85.38,15
85.39,20
85.4,22
85.41,24
85.42,28
85.43,20
85.44,19
85.45,18
85.46,17
85.47,10
85.48,10
85.49,9
85.5,11
85.51,10
85.52,8
85.53,13
85.54,10
85.55,13
85.56,11
85.57,18
85.58,11
85.59,13
85.6,7
85.61,11
85.62,6
85.63,4
85.64,15
85.65,11
85.66,4
85.67,6
85.68,3
85.69,8
85.7,7
85.71,7
85.72,12
85.73,8
85.74,12
85.75,10
85.76,11
85.77,12
85.78,13
85.79,7
85.8,8
85.81,5
85.82,6
85.83,12
85.84,5
85.85,6
85.86,7
85.87,8
85.88,7
85.89,11
85.9,12
85.91,10
85.92,4
85.93,9
85.94,9
85.95,17
85.96,14
85.97,14
85.98,10
85.99,11
86,10
86.01,13
86.02,6
86.03,8
86.04,12
86.05,9
86.06,7
86.07,8
86.08,6
86.09,7
86.1,5
86.11,12
86.12,8
86.13,12
86.14,10
86.15,4
86.16,12
86.17,12
86.18,9
86.19,10
86.2,11
86.21,11
86.22,9
86.23,11
86.24,8
86.25,9
86.26,9
86.27,8
86.28,8
86.29,7
86.3,7
86.31,11
86.32,10
86.33,8
86.34,9
86.35,6
86.36,8
86.37,10
86.38,7
86.39,8
86.4,10
86.41,19
86.42,7
86.43,7
86.44,12
86.45,5
86.46,8
86.47,9
86.48,11
86.49,7
86.5,5
86.51,7
86.52,8
86.53,12
86.54,17
86.55,4
86.56,7
86.57,11
86.58,8
86.59,10
86.6,9
86.61,8
86.62,9
86.63,8
86.64,7
86.65,8
86.66,13
86.67,4
86.68,12
86.69,10
86.7,11
86.71,12
86.72,5
86.73,6
86.74,8
86.75,8
86.76,8
86.77,12
86.78,4
86.79,8
86.8,11
86.81,6
86.82,7
86.83,8
86.84,9
86.85,6
86.86,7
86.87,10
86.88,11
86.89,12
86.9,7
86.91,9
86.92,7
86.93,8
86.94,5
86.95,9
86.96,11
86.97,7
86.98,7
86.99,5
87,12
87.01,11
87.02,12
87.03,9
87.04,9
87.05,14
87.06,3
87.07,12
87.08,22
87.09,13
87.1,7
87.11,12
87.12,6
87.13,8
87.14,7
87.15,14
87.16,10
87.17,10
87.18,10
87.19,5
87.2,9
87.21,11
87.22,7
87.23,10
87.24,8
87.25,8
87.26,9
87.27,4
87.28,11
87.29,11
87.3,5
87.31,6
87.32,11
87.33,13
87.34,7
87.35,11
87.36,7
87.37,13
87.38,10
87.39,8
87.4,8
87.41,12
87.42,11
87.43,13
87.44,8
87.45,10
87.46,8
87.47,6
87.48,6
87.49,10
87.5,10
87.51,14
87.52,8
87.53,9
87.54,10
87.55,10
87.56,5
87.57,9
87.58,9
87.59,11
87.6,8
87.61,7
87.62,10
87.63,5
87.64,9
87.65,10
87.66,7
87.67,6
87.68,9
87.69,11
87.7,9
87.71,15
87.72,7
87.73,12
87.74,8
87.75,9
87.76,8
87.77,13
87.78,12
87.79,8
87.8,12
87.81,5
87.82,14
87.83,9
87.84,8
87.85,6
87.86,6
87.87,6
87.88,4
87.89,11
87.9,10
87.91,10
87.92,9
87.93,14
87.94,11
87.95,10
87.96,9
87.97,9
87.98,14
87.99,8
88,12
88.01,9
88.02,9
88.03,9
88.04,6
88.05,3
88.06,12
88.07,9
88.08,11
88.09,7
88.1,8
88.11,12
88.12,13
88.13,7
88.14,8
88.15,10
88.16,8
88.17,11
88.18,10
88.19,6
88.2,12
88.21,16
88.22,8
88.23,5
88.24,12
88.25,10
88.26,5
88.27,8
88.28,11
88.29,14
88.3,5
88.31,3
88.32,9
88.33,16
88.34,10
88.35,7
88.36,11
88.37,12
88.38,4
88.39,8
88.4,7
88.41,9
88.42,7
88.43,13
88.44,12
88.45,6
88.46,13
88.47,10
88.48,6
88.49,14
88.5,9
88.51,9
88.52,5
88.53,9
88.54,6
88.55,7
88.56,10
88.57,8
88.58,4
88.59,9
88.6,10
88.61,6
88.62,10
88.63,11
88.64,8
88.65,17
88.66,11
88.67,21
88.68,19
88.69,23
88.7,22
88.71,21
88.72,26
88.73,10
88.74,7
88.75,6
88.76,11
88.77,12
88.78,8
88.79,10
88.8,9
88.81,10
88.82,9
88.83,8
88.84,14
88.85,11
88.86,4
88.87,12
88.88,11
88.89,16
88.9,13
88.91,16
88.92,11
88.93,11
88.94,16
88.95,21
88.96,16
88.97,28
88.98,17
88.99,21
89,25
89.01,13
89.02,7
89.03,13
89.04,18
89.05,18
89.06,18
89.07,12
89.08,8
89.09,10
89.1,10
89.11,15
89.12,9
89.13,10
89.14,15
89.15,18
89.16,10
89.17,8
89.18,14
89.19,10
89.2,14
89.21,27
89.22,22
89.23,9
89.24,20
89.25,14
89.26,20
89.27,19
89.28,9
89.29,26
89.3,10
89.31,12
89.32,13
89.33,14
89.34,13
89.35,15
89.36,8
89.37,14
89.38,11
89.39,9
89.4,12
89.41,13
89.42,9
89.43,17
89.44,10
89.45,21
89.46,9
89.47,13
89.48,8
89.49,13
89.5,17
89.51,14
89.52,16
89.53,9
89.54,8
89.55,7
89.56,12
89.57,10
89.58,9
89.59,12
89.6,10
89.61,9
89.62,14
89.63,11
89.64,7
89.65,8
89.66,10
89.67,6
89.68,4
89.69,22
89.7,12
89.71,10
89.72,12
89.73,14
89.74,11
89.75,12
89.76,11
89.77,16
89.78,12
89.79,12
89.8,14
89.81,11
89.82,13
89.83,13
89.84,11
89.85,7
89.86,14
89.87,9
89.88,14
89.89,6
89.9,11
89.91,11
89.92,9
89.93,9
89.94,13
89.95,9
89.96,13
89.97,9
89.98,16
89.99,12
90,4